0.00000 -0.18513 0.17581 1.03019 0.00078 0.00022 -0.00411 0.99999
0.09986 -0.38689 0.33149 2.15008 0.00192 -0.00168 -0.00441 0.99999
0.19974 -0.68794 0.60497 3.81088 0.00204 -0.00337 -0.00551 0.99998
0.30031 -0.93357 0.80779 5.19720 0.00291 -0.00459 -0.00425 0.99998
0.39988 -1.14194 1.00800 6.39164 0.00409 -0.00515 -0.00200 0.99998
0.50004 -1.33627 1.19149 7.53652 0.00423 -0.00619 -0.00279 0.99997
0.59991 -1.52714 1.36323 8.62896 0.00342 -0.00365 -0.00629 0.99997
0.69970 -1.72347 1.53654 9.70445 0.00256 0.00052 -0.00622 0.99998
0.80032 -1.92730 1.70078 10.79355 0.00191 0.00479 -0.00759 0.99996
0.90001 -2.13295 1.85711 11.88425 0.00140 0.00694 -0.00717 0.99995
1.00007 -2.34088 2.01867 12.98742 0.00165 0.00557 -0.00302 0.99998
1.09967 -2.54005 2.19523 14.10811 0.00211 0.00235 0.00030 0.99999
1.19957 -2.74288 2.35429 15.25562 0.00224 -0.00105 0.00154 1.00000
1.30038 -2.95694 2.52414 16.42237 0.00201 -0.00253 0.00036 0.99999
1.40019 -3.16650 2.69643 17.57851 0.00109 -0.00409 -0.00174 0.99999
1.49990 -3.37579 2.84672 18.73343 -0.00024 -0.00454 -0.00485 0.99998
1.59986 -3.57994 3.00984 19.87793 -0.00056 -0.00335 -0.00628 0.99997
1.69960 -3.78517 3.19870 21.03603 0.00103 -0.00430 -0.00633 0.99997
1.80028 -3.99213 3.35592 22.19447 0.00148 -0.00689 -0.00504 0.99996
1.90020 -4.20231 3.52237 23.33922 0.00139 -0.00517 -0.00324 0.99998
1.99995 -4.40770 3.69387 24.47587 0.00072 -0.00454 -0.00096 0.99999
2.09990 -4.61817 3.87307 25.61755 0.00069 -0.00797 -0.01189 0.99990
2.19974 -4.82545 4.01519 26.77379 -0.00148 -0.00945 -0.04621 0.99889
2.30022 -5.02918 4.16365 27.92145 -0.00628 -0.01216 -0.07128 0.99736
2.40005 -5.23834 4.34999 29.05387 -0.01146 -0.01519 -0.08749 0.99598
2.49984 -5.43746 4.54503 30.18644 -0.01637 -0.01671 -0.10138 0.99457
2.59980 -5.63559 4.75158 31.31850 -0.02294 -0.01991 -0.11867 0.99247
2.69957 -5.83150 4.98101 32.44767 -0.02992 -0.02368 -0.12835 0.99099
2.80028 -6.03711 5.23318 33.59943 -0.03878 -0.03224 -0.14450 0.98822
2.89984 -6.23759 5.49512 34.71528 -0.04985 -0.04321 -0.15762 0.98529
3.00005 -6.43374 5.79995 35.81891 -0.06104 -0.05113 -0.16677 0.98277
3.09991 -6.62350 6.12542 36.91233 -0.07169 -0.05687 -0.16761 0.98160
3.19972 -6.82025 6.46112 37.99028 -0.08281 -0.05690 -0.16094 0.98184
3.30030 -7.00917 6.84231 39.04678 -0.09387 -0.05139 -0.15162 0.98263
3.40015 -7.20275 7.24498 40.08079 -0.10388 -0.04718 -0.14251 0.98320
3.50004 -7.39103 7.68862 41.09538 -0.11378 -0.04286 -0.13585 0.98324
3.59958 -7.57628 8.14628 42.10480 -0.12388 -0.04066 -0.13053 0.98283
3.69952 -7.76377 8.61641 43.10850 -0.13328 -0.03713 -0.12781 0.98210
3.80039 -7.94710 9.11305 44.10715 -0.14251 -0.03544 -0.12495 0.98123
3.89962 -8.11972 9.61236 45.08678 -0.15145 -0.03508 -0.12575 0.97981
4.00006 -8.29656 10.11467 46.07253 -0.15994 -0.03501 -0.12517 0.97853
4.09987 -8.47205 10.64970 47.03309 -0.16890 -0.03729 -0.12790 0.97659
4.19964 -8.64675 11.18522 47.98949 -0.17702 -0.03789 -0.12734 0.97520
4.30013 -8.82384 11.75762 48.93400 -0.18441 -0.03470 -0.12285 0.97452
4.40021 -8.99445 12.33986 49.86668 -0.19255 -0.03352 -0.11824 0.97356
4.49996 -9.16301 12.94746 50.76950 -0.20013 -0.02834 -0.11191 0.97294
4.59955 -9.33353 13.54307 51.66031 -0.20810 -0.02499 -0.11211 0.97134
4.69968 -9.50430 14.13313 52.56123 -0.21633 -0.02558 -0.11554 0.96912
4.80040 -9.68031 14.75952 53.45863 -0.22514 -0.02913 -0.12201 0.96622
4.90004 -9.84719 15.38736 54.33893 -0.23420 -0.03602 -0.13251 0.96244
4.99926 -10.01308 16.02349 55.21173 -0.24291 -0.04160 -0.14020 0.95896
5.09970 -10.19023 16.69042 56.07275 -0.25140 -0.04230 -0.14217 0.95645
5.19984 -10.35762 17.37432 56.91113 -0.26079 -0.04165 -0.13940 0.95437
5.30004 -10.52411 18.07573 57.73972 -0.26990 -0.04170 -0.13842 0.95197
5.39988 -10.68628 18.78773 58.55813 -0.27895 -0.03999 -0.13930 0.94931
5.49972 -10.85055 19.50846 59.36198 -0.28893 -0.04096 -0.14083 0.94605
5.60031 -11.01101 20.24584 60.14919 -0.29854 -0.03927 -0.14331 0.94276
5.70020 -11.17589 20.98919 60.92512 -0.30831 -0.03884 -0.14465 0.93942
5.80004 -11.34051 21.74333 61.67470 -0.31680 -0.03752 -0.14505 0.93659
5.89980 -11.50636 22.50606 62.42196 -0.32544 -0.03914 -0.14568 0.93345
5.99960 -11.66156 23.30092 63.16123 -0.33427 -0.04072 -0.14516 0.93034
6.10035 -11.81411 24.10819 63.87409 -0.34326 -0.04019 -0.14354 0.92734
6.20008 -11.96686 24.91102 64.57847 -0.35221 -0.04088 -0.14415 0.92385
6.29891 -12.12425 25.72218 65.26886 -0.36063 -0.04053 -0.14022 0.92122
6.39958 -12.27728 26.55685 65.95172 -0.36876 -0.03646 -0.13899 0.91835
6.50007 -12.42963 27.41043 66.62008 -0.37698 -0.03686 -0.14158 0.91459
6.59992 -12.57417 28.25784 67.26672 -0.38565 -0.03843 -0.14297 0.91069
6.69963 -12.72063 29.13286 67.89421 -0.39442 -0.04153 -0.14638 0.90625
6.79932 -12.86059 30.00726 68.51255 -0.40291 -0.04436 -0.14966 0.90183
6.90022 -13.00798 30.91281 69.12821 -0.41148 -0.04651 -0.15540 0.89687
6.99993 -13.15104 31.81351 69.71462 -0.41962 -0.04629 -0.15769 0.89270
7.09989 -13.30016 32.72459 70.29987 -0.42862 -0.04705 -0.15800 0.88832
7.19962 -13.43969 33.64739 70.85691 -0.43736 -0.04847 -0.16042 0.88354
7.30033 -13.57750 34.57917 71.41103 -0.44566 -0.04816 -0.16158 0.87918
7.40022 -13.70844 35.51267 71.93733 -0.45397 -0.04663 -0.15972 0.87534
7.49990 -13.83448 36.46010 72.43705 -0.46222 -0.04568 -0.15699 0.87156
7.59963 -13.95800 37.41388 72.92726 -0.47067 -0.04165 -0.15368 0.86782
7.69972 -14.08240 38.37040 73.38536 -0.47895 -0.03873 -0.15165 0.86378
7.80035 -14.20639 39.35993 73.83320 -0.48750 -0.03730 -0.15203 0.85897
7.90004 -14.33213 40.34096 74.26922 -0.49522 -0.03522 -0.15250 0.85455
7.99987 -14.44360 41.33687 74.68765 -0.50237 -0.03263 -0.15538 0.84995
8.09958 -14.55575 42.33888 75.09567 -0.50958 -0.03291 -0.15867 0.84503
8.19976 -14.67402 43.36360 75.50149 -0.51711 -0.03644 -0.16152 0.83975
8.30026 -14.79095 44.38845 75.88337 -0.52463 -0.03965 -0.16537 0.83417
8.40013 -14.90575 45.41453 76.25388 -0.53168 -0.03974 -0.16313 0.83014
8.50003 -15.01317 46.44986 76.59443 -0.53902 -0.03910 -0.16267 0.82551
8.59982 -15.12263 47.47229 76.93158 -0.54550 -0.03818 -0.16332 0.82115
8.69998 -15.23494 48.50130 77.24721 -0.55242 -0.04012 -0.16447 0.81619
8.79989 -15.33403 49.55351 77.54903 -0.55993 -0.04144 -0.16378 0.81114
8.89926 -15.42863 50.60949 77.83029 -0.56632 -0.04042 -0.16361 0.80677
9.00027 -15.52246 51.68963 78.09919 -0.57302 -0.03932 -0.16412 0.80197
9.10020 -15.61735 52.75582 78.34491 -0.57974 -0.03629 -0.16317 0.79747
9.19978 -15.71612 53.84854 78.57405 -0.58583 -0.02814 -0.15740 0.79450
9.29994 -15.79956 54.94453 78.78077 -0.58954 -0.00385 -0.13385 0.79656
9.39951 -15.89183 56.02854 78.99153 -0.59237 0.01204 -0.11446 0.79741
9.50000 -15.99071 57.12009 79.20271 -0.59470 0.01920 -0.10733 0.79652
9.59976 -16.09108 58.21062 79.42815 -0.59712 0.02048 -0.10669 0.79476
9.70004 -16.18863 59.30381 79.64632 -0.60071 0.01251 -0.11296 0.79135
9.79994 -16.28815 60.41156 79.86727 -0.60451 -0.00043 -0.12615 0.78655
9.89957 -16.37399 61.51123 80.06733 -0.60828 -0.01156 -0.14018 0.78116
10.00026 -16.47306 62.63142 80.26783 -0.61214 -0.01917 -0.14773 0.77659
10.10024 -16.56550 63.75686 80.44374 -0.61614 -0.02077 -0.15055 0.77283
10.19978 -16.66137 64.86796 80.61491 -0.62011 -0.01967 -0.14957 0.76987
10.29979 -16.75491 65.98782 80.76534 -0.62432 -0.01920 -0.14869 0.76665
0.00000 -0.19906 0.17674 1.06795 0.00127 -0.00282 0.00053 1.00000
0.09988 -0.42073 0.33757 2.28275 0.00100 -0.00443 -0.00073 0.99999
0.20045 -0.72513 0.54403 3.96227 0.00219 -0.00589 0.00051 0.99998
0.30002 -0.97545 0.79604 5.32447 0.00276 -0.00658 0.00261 0.99997
0.40018 -1.18882 1.01497 6.54800 0.00354 -0.00752 0.00170 0.99996
0.50004 -1.38847 1.20652 7.67829 0.00276 -0.00489 -0.00182 0.99998
0.59984 -1.59014 1.38457 8.76287 0.00223 -0.00072 -0.00164 1.00000
0.70046 -1.78978 1.54342 9.83132 0.00144 0.00346 -0.00302 0.99999
0.80015 -1.98833 1.71494 10.87877 0.00124 0.00566 -0.00256 0.99998
0.90021 -2.19278 1.85713 11.95522 0.00112 0.00430 0.00159 0.99999
0.99981 -2.39611 2.03385 13.07392 0.00173 0.00104 0.00492 0.99999
1.09970 -2.60173 2.21429 14.20850 0.00125 -0.00234 0.00602 0.99998
1.20051 -2.82054 2.39446 15.37396 0.00104 -0.00378 0.00482 0.99998
1.30033 -3.03800 2.56053 16.53771 0.00036 -0.00531 0.00264 0.99998
1.40003 -3.25310 2.70127 17.70111 -0.00094 -0.00574 -0.00048 0.99998
1.49999 -3.46821 2.85616 18.85047 -0.00128 -0.00466 -0.00183 0.99999
1.59974 -3.67703 3.02103 20.00146 0.00028 -0.00557 -0.00194 0.99998
1.70042 -3.88623 3.18722 21.15384 0.00073 -0.00818 -0.00060 0.99997
1.80034 -4.09560 3.34099 22.28982 0.00110 -0.00649 0.00120 0.99998
1.90009 -4.30473 3.52252 23.41906 0.00034 -0.00597 0.00348 0.99998
2.00004 -4.51720 3.72544 24.55610 0.00027 -0.00928 -0.00754 0.99993
2.09987 -4.72950 3.89628 25.70629 -0.00219 -0.01086 -0.04186 0.99906
2.20036 -4.93602 4.05736 26.84956 -0.00708 -0.01358 -0.06707 0.99763
2.30018 -5.14797 4.22457 27.98781 -0.01176 -0.01659 -0.08331 0.99632
2.39998 -5.34840 4.43567 29.11385 -0.01729 -0.01815 -0.09723 0.99495
2.49993 -5.55277 4.62927 30.25074 -0.02332 -0.02138 -0.11441 0.99293
2.59970 -5.75811 4.85009 31.39387 -0.03074 -0.02520 -0.12420 0.99146
2.70041 -5.96863 5.11485 32.53864 -0.03952 -0.03369 -0.14040 0.98873
2.79998 -6.17589 5.38193 33.65300 -0.05032 -0.04472 -0.15341 0.98587
2.90019 -6.37655 5.67029 34.75958 -0.06137 -0.05266 -0.16259 0.98337
3.00004 -6.57349 6.01245 35.84543 -0.07200 -0.05847 -0.16340 0.98219
3.09986 -6.77249 6.36512 36.91532 -0.08331 -0.05857 -0.15698 0.98234
3.20044 -6.96818 6.72987 37.97902 -0.09421 -0.05302 -0.14749 0.98314
3.30028 -7.16138 7.14641 39.00445 -0.10445 -0.04887 -0.13856 0.98362
3.40018 -7.35325 7.58337 40.02300 -0.11432 -0.04455 -0.13182 0.98365
3.49972 -7.54144 8.04201 41.02934 -0.12435 -0.04227 -0.12663 0.98322
3.59966 -7.73623 8.49474 42.04364 -0.13365 -0.03883 -0.12388 0.98249
3.70052 -7.93081 8.99238 43.04122 -0.14319 -0.03720 -0.12097 0.98157
3.79976 -8.11271 9.49685 44.01666 -0.15196 -0.03680 -0.12175 0.98017
3.90019 -8.29415 10.01207 45.00290 -0.16050 -0.03678 -0.12132 0.97886
4.00001 -8.47204 10.54649 45.95458 -0.16963 -0.03903 -0.12412 0.97688
4.09977 -8.64990 11.08127 46.91072 -0.17758 -0.03970 -0.12366 0.97550
4.20027 -8.83085 11.65931 47.84540 -0.18501 -0.03658 -0.11916 0.97480
4.30035 -9.00797 12.24008 48.77920 -0.19288 -0.03536 -0.11454 0.97387
4.40009 -9.18294 12.83376 49.68068 -0.20058 -0.03021 -0.10822 0.97321
4.49969 -9.36173 13.41311 50.58137 -0.20863 -0.02691 -0.10842 0.97159
4.59981 -9.53870 13.99944 51.47912 -0.21696 -0.02753 -0.11188 0.96936
4.70053 -9.72380 14.61569 52.38107 -0.22546 -0.03106 -0.11821 0.96656
4.80018 -9.89719 15.26460 53.25037 -0.23470 -0.03802 -0.12883 0.96274
4.89940 -10.07163 15.90719 54.12212 -0.24323 -0.04363 -0.13648 0.95933
4.99984 -10.25060 16.57744 54.97819 -0.25218 -0.04432 -0.13869 0.95666
5.09998 -10.42448 17.26980 55.82034 -0.26126 -0.04365 -0.13589 0.95466
5.20018 -10.59775 17.97468 56.65369 -0.27016 -0.04369 -0.13493 0.95231
5.30002 -10.76631 18.68819 57.47362 -0.27945 -0.04200 -0.13592 0.94956
5.39986 -10.93413 19.42019 58.26384 -0.28957 -0.04305 -0.13752 0.94625
5.50045 -11.10331 20.14433 59.05337 -0.29900 -0.04140 -0.13996 0.94303
5.60034 -11.27658 20.88816 59.82278 -0.30886 -0.04105 -0.14131 0.93966
5.70018 -11.44685 21.63379 60.56603 -0.31718 -0.03971 -0.14172 0.93687
5.79993 -11.61844 22.39257 61.30807 -0.32614 -0.04139 -0.14236 0.93362
5.89974 -11.78391 23.18580 62.04299 -0.33482 -0.04301 -0.14180 0.93056
6.00049 -11.94487 23.99853 62.77133 -0.34373 -0.04242 -0.14024 0.92757
6.10022 -12.10426 24.79914 63.47932 -0.35270 -0.04314 -0.14088 0.92406
6.19904 -12.26727 25.60935 64.16491 -0.36126 -0.04278 -0.13707 0.92134
6.29972 -12.42834 26.46683 64.83916 -0.36946 -0.03872 -0.13583 0.91845
6.40020 -12.58668 27.31990 65.50050 -0.37751 -0.03912 -0.13849 0.91476
6.50005 -12.74055 28.17149 66.14084 -0.38600 -0.04076 -0.13987 0.91092
6.59977 -12.89237 29.04245 66.76203 -0.39483 -0.04391 -0.14336 0.90644
6.69946 -13.03968 29.90777 67.37699 -0.40347 -0.04682 -0.14662 0.90196
6.80035 -13.19284 30.80422 67.99287 -0.41187 -0.04894 -0.15238 0.89708
6.90006 -13.34357 31.70057 68.58968 -0.42009 -0.04877 -0.15471 0.89287
7.00003 -13.50121 32.61736 69.17423 -0.42916 -0.04952 -0.15506 0.88844
7.09975 -13.64793 33.54061 69.72774 -0.43793 -0.05098 -0.15757 0.88362
7.20047 -13.79389 34.48069 70.28182 -0.44609 -0.05067 -0.15869 0.87935
7.30036 -13.93141 35.41648 70.80468 -0.45438 -0.04914 -0.15685 0.87551
7.40004 -14.06730 36.36563 71.30648 -0.46270 -0.04819 -0.15417 0.87168
7.49976 -14.19817 37.31864 71.78598 -0.47105 -0.04419 -0.15089 0.86798
7.59986 -14.33080 38.27266 72.23744 -0.47957 -0.04135 -0.14892 0.86379
7.70049 -14.46392 39.25521 72.68572 -0.48790 -0.03995 -0.14931 0.85910
7.80018 -14.59523 40.23046 73.12272 -0.49573 -0.03783 -0.14983 0.85462
7.90000 -14.71323 41.22736 73.53506 -0.50287 -0.03528 -0.15275 0.85002
7.99971 -14.83668 42.23514 73.94532 -0.51001 -0.03560 -0.15602 0.84515
8.09990 -14.96745 43.25139 74.35711 -0.51742 -0.03914 -0.15881 0.83995
8.20040 -15.08806 44.28482 74.73676 -0.52483 -0.04236 -0.16274 0.83443
8.30026 -15.21054 45.30793 75.11382 -0.53196 -0.04245 -0.16051 0.83033
0.00000 -0.19906 0.17674 1.06795 0.00127 -0.00282 0.00053 1.00000
0.09988 -0.42073 0.33757 2.28275 0.00100 -0.00443 -0.00073 0.99999
0.20045 -0.72513 0.54403 3.96227 0.00219 -0.00589 0.00051 0.99998
0.30002 -0.97545 0.79604 5.32447 0.00276 -0.00658 0.00261 0.99997
0.40018 -1.18882 1.01497 6.54800 0.00354 -0.00752 0.00170 0.99996
0.50004 -1.38847 1.20652 7.67829 0.00276 -0.00489 -0.00182 0.99998
0.59984 -1.59014 1.38457 8.76287 0.00223 -0.00072 -0.00164 1.00000
0.70046 -1.78978 1.54342 9.83132 0.00144 0.00346 -0.00302 0.99999
0.80015 -1.98833 1.71494 10.87877 0.00124 0.00566 -0.00256 0.99998
0.90021 -2.19278 1.85713 11.95522 0.00112 0.00430 0.00159 0.99999
0.99981 -2.39611 2.03385 13.07392 0.00173 0.00104 0.00492 0.99999
1.09970 -2.60173 2.21429 14.20850 0.00125 -0.00234 0.00602 0.99998
1.20051 -2.82054 2.39446 15.37396 0.00104 -0.00378 0.00482 0.99998
1.30033 -3.03800 2.56053 16.53771 0.00036 -0.00531 0.00264 0.99998
1.40003 -3.25310 2.70127 17.70111 -0.00094 -0.00574 -0.00048 0.99998
1.49999 -3.46821 2.85616 18.85047 -0.00128 -0.00466 -0.00183 0.99999
1.59974 -3.67703 3.02103 20.00146 0.00028 -0.00557 -0.00194 0.99998
1.70042 -3.88623 3.18722 21.15384 0.00073 -0.00818 -0.00060 0.99997
1.80034 -4.09560 3.34099 22.28982 0.00110 -0.00649 0.00120 0.99998
1.90009 -4.30473 3.52252 23.41906 0.00034 -0.00597 0.00348 0.99998
2.00004 -4.51720 3.72544 24.55610 0.00027 -0.00928 -0.00754 0.99993
2.09987 -4.72950 3.89628 25.70629 -0.00219 -0.01086 -0.04186 0.99906
2.20036 -4.93602 4.05736 26.84956 -0.00708 -0.01358 -0.06707 0.99763
2.30018 -5.14797 4.22457 27.98781 -0.01176 -0.01659 -0.08331 0.99632
2.39998 -5.34840 4.43567 29.11385 -0.01729 -0.01815 -0.09723 0.99495
2.49993 -5.55277 4.62927 30.25074 -0.02332 -0.02138 -0.11441 0.99293
2.59970 -5.75811 4.85009 31.39387 -0.03074 -0.02520 -0.12420 0.99146
2.70041 -5.96863 5.11485 32.53864 -0.03952 -0.03369 -0.14040 0.98873
2.79998 -6.17589 5.38193 33.65300 -0.05032 -0.04472 -0.15341 0.98587
2.90019 -6.37655 5.67029 34.75958 -0.06137 -0.05266 -0.16259 0.98337
3.00004 -6.57349 6.01245 35.84543 -0.07200 -0.05847 -0.16340 0.98219
3.09986 -6.77249 6.36512 36.91532 -0.08331 -0.05857 -0.15698 0.98234
3.20044 -6.96818 6.72987 37.97902 -0.09421 -0.05302 -0.14749 0.98314
3.30028 -7.16138 7.14641 39.00445 -0.10445 -0.04887 -0.13856 0.98362
3.40018 -7.35325 7.58337 40.02300 -0.11432 -0.04455 -0.13182 0.98365
3.49972 -7.54144 8.04201 41.02934 -0.12435 -0.04227 -0.12663 0.98322
3.59966 -7.73623 8.49474 42.04364 -0.13365 -0.03883 -0.12388 0.98249
3.70052 -7.93081 8.99238 43.04122 -0.14319 -0.03720 -0.12097 0.98157
3.79976 -8.11271 9.49685 44.01666 -0.15196 -0.03680 -0.12175 0.98017
3.90019 -8.29415 10.01207 45.00290 -0.16050 -0.03678 -0.12132 0.97886
4.00001 -8.47204 10.54649 45.95458 -0.16963 -0.03903 -0.12412 0.97688
4.09977 -8.64990 11.08127 46.91072 -0.17758 -0.03970 -0.12366 0.97550
4.20027 -8.83085 11.65931 47.84540 -0.18501 -0.03658 -0.11916 0.97480
4.30035 -9.00797 12.24008 48.77920 -0.19288 -0.03536 -0.11454 0.97387
4.40009 -9.18294 12.83376 49.68068 -0.20058 -0.03021 -0.10822 0.97321
4.49969 -9.36173 13.41311 50.58137 -0.20863 -0.02691 -0.10842 0.97159
4.59981 -9.53870 13.99944 51.47912 -0.21696 -0.02753 -0.11188 0.96936
4.70053 -9.72380 14.61569 52.38107 -0.22546 -0.03106 -0.11821 0.96656
4.80018 -9.89719 15.26460 53.25037 -0.23470 -0.03802 -0.12883 0.96274
4.89940 -10.07163 15.90719 54.12212 -0.24323 -0.04363 -0.13648 0.95933
4.99984 -10.25060 16.57744 54.97819 -0.25218 -0.04432 -0.13869 0.95666
5.09998 -10.42448 17.26980 55.82034 -0.26126 -0.04365 -0.13589 0.95466
5.20018 -10.59775 17.97468 56.65369 -0.27016 -0.04369 -0.13493 0.95231
5.30002 -10.76631 18.68819 57.47362 -0.27945 -0.04200 -0.13592 0.94956
5.39986 -10.93413 19.42019 58.26384 -0.28957 -0.04305 -0.13752 0.94625
5.50045 -11.10331 20.14433 59.05337 -0.29900 -0.04140 -0.13996 0.94303
5.60034 -11.27658 20.88816 59.82278 -0.30886 -0.04105 -0.14131 0.93966
5.70018 -11.44685 21.63379 60.56603 -0.31718 -0.03971 -0.14172 0.93687
5.79993 -11.61844 22.39257 61.30807 -0.32614 -0.04139 -0.14236 0.93362
5.89974 -11.78391 23.18580 62.04299 -0.33482 -0.04301 -0.14180 0.93056
6.00049 -11.94487 23.99853 62.77133 -0.34373 -0.04242 -0.14024 0.92757
6.10022 -12.10426 24.79914 63.47932 -0.35270 -0.04314 -0.14088 0.92406
6.19904 -12.26727 25.60935 64.16491 -0.36126 -0.04278 -0.13707 0.92134
6.29972 -12.42834 26.46683 64.83916 -0.36946 -0.03872 -0.13583 0.91845
6.40020 -12.58668 27.31990 65.50050 -0.37751 -0.03912 -0.13849 0.91476
6.50005 -12.74055 28.17149 66.14084 -0.38600 -0.04076 -0.13987 0.91092
6.59977 -12.89237 29.04245 66.76203 -0.39483 -0.04391 -0.14336 0.90644
6.69946 -13.03968 29.90777 67.37699 -0.40347 -0.04682 -0.14662 0.90196
6.80035 -13.19284 30.80422 67.99287 -0.41187 -0.04894 -0.15238 0.89708
6.90006 -13.34357 31.70057 68.58968 -0.42009 -0.04877 -0.15471 0.89287
7.00003 -13.50121 32.61736 69.17423 -0.42916 -0.04952 -0.15506 0.88844
7.09975 -13.64793 33.54061 69.72774 -0.43793 -0.05098 -0.15757 0.88362
7.20047 -13.79389 34.48069 70.28182 -0.44609 -0.05067 -0.15869 0.87935
7.30036 -13.93141 35.41648 70.80468 -0.45438 -0.04914 -0.15685 0.87551
7.40004 -14.06730 36.36563 71.30648 -0.46270 -0.04819 -0.15417 0.87168
7.49976 -14.19817 37.31864 71.78598 -0.47105 -0.04419 -0.15089 0.86798
7.59986 -14.33080 38.27266 72.23744 -0.47957 -0.04135 -0.14892 0.86379
7.70049 -14.46392 39.25521 72.68572 -0.48790 -0.03995 -0.14931 0.85910
7.80018 -14.59523 40.23046 73.12272 -0.49573 -0.03783 -0.14983 0.85462
7.90000 -14.71323 41.22736 73.53506 -0.50287 -0.03528 -0.15275 0.85002
7.99971 -14.83668 42.23514 73.94532 -0.51001 -0.03560 -0.15602 0.84515
8.09990 -14.96745 43.25139 74.35711 -0.51742 -0.03914 -0.15881 0.83995
8.20040 -15.08806 44.28482 74.73676 -0.52483 -0.04236 -0.16274 0.83443
8.30026 -15.21054 45.30793 75.11382 -0.53196 -0.04245 -0.16051 0.83033
8.40017 -15.32172 46.33103 75.44668 -0.53942 -0.04181 -0.16009 0.82562
8.49996 -15.44462 47.36713 75.78943 -0.54587 -0.04092 -0.16072 0.82129
8.60012 -15.56431 48.40195 76.10001 -0.55287 -0.04290 -0.16197 0.81625
8.70003 -15.67050 49.45420 76.39508 -0.56024 -0.04416 -0.16134 0.81126
8.79940 -15.77545 50.51536 76.66828 -0.56663 -0.04324 -0.16114 0.80690
8.90041 -15.87194 51.59799 76.91941 -0.57353 -0.04217 -0.16186 0.80192
9.00034 -15.97246 52.66604 77.16300 -0.58006 -0.03917 -0.16085 0.79757
9.09992 -16.07756 53.74042 77.39026 -0.58626 -0.03098 -0.15512 0.79453
9.20008 -16.16973 54.83158 77.60392 -0.59009 -0.00668 -0.13151 0.79652
9.29964 -16.26816 55.90445 77.81293 -0.59308 0.00924 -0.11215 0.79724
9.40014 -16.37765 56.99528 78.02498 -0.59518 0.01636 -0.10497 0.79654
9.49990 -16.48721 58.08929 78.24858 -0.59768 0.01764 -0.10436 0.79472
9.60017 -16.59377 59.17864 78.46685 -0.60113 0.00966 -0.11061 0.79140
9.70008 -16.70104 60.28721 78.67801 -0.60516 -0.00329 -0.12389 0.78639
9.79971 -16.79476 61.39182 78.88353 -0.60870 -0.01444 -0.13791 0.78119
9.90040 -16.90323 62.52717 79.08115 -0.61274 -0.02205 -0.14548 0.77646
10.00038 -17.00469 63.64685 79.26330 -0.61653 -0.02364 -0.14831 0.77288
10.09991 -17.10798 64.74921 79.43018 -0.62060 -0.02257 -0.14742 0.76981
10.19993 -17.20935 65.87425 79.57604 -0.62476 -0.02216 -0.14652 0.76663
10.29981 -17.31293 67.01888 79.72777 -0.62890 -0.01907 -0.14416 0.76377
10.40019 -17.41419 68.15069 79.86258 -0.63355 -0.01769 -0.14132 0.76048
10.50001 -17.51742 69.28429 79.99698 -0.63730 -0.01767 -0.13757 0.75803
10.59972 -17.61292 70.42423 80.10019 -0.64072 -0.01702 -0.13507 0.75561
10.70046 -17.71160 71.58296 80.21649 -0.64431 -0.01778 -0.13494 0.75256
10.80004 -17.80844 72.73530 80.32854 -0.64759 -0.01860 -0.13505 0.74970
10.90015 -17.90970 73.89302 80.44185 -0.65115 -0.01894 -0.13569 0.74648
10.99904 -17.99624 75.03126 80.53520 -0.65476 -0.02096 -0.13778 0.74287
11.09980 -18.08560 76.20707 80.62550 -0.65840 -0.02188 -0.14155 0.73891
11.19993 -18.17657 77.36877 80.69872 -0.66179 -0.02348 -0.14315 0.73552
11.29970 -18.26785 78.53337 80.73375 -0.66528 -0.02436 -0.14355 0.73226
11.40015 -18.35963 79.70356 80.79164 -0.66846 -0.02138 -0.13949 0.73024
11.49976 -18.44069 80.86664 80.81428 -0.67206 -0.01902 -0.13426 0.72798
11.59983 -18.51949 82.03141 80.85707 -0.67476 -0.01810 -0.12837 0.72656
11.70043 -18.60170 83.21729 80.89142 -0.67789 -0.01730 -0.12458 0.72432
11.80037 -18.68490 84.39149 80.91988 -0.68075 -0.01619 -0.12612 0.72140
11.90013 -18.76606 85.57026 80.94413 -0.68276 -0.01706 -0.13274 0.71828
12.00005 -18.85012 86.73393 80.97047 -0.68570 -0.01962 -0.13877 0.71427
12.10024 -18.93554 87.90951 80.98514 -0.68869 -0.02293 -0.14181 0.71068
12.20003 -19.01506 89.08369 80.98167 -0.69163 -0.02396 -0.14266 0.70761
12.29992 -19.09232 90.24643 80.95814 -0.69510 -0.02376 -0.14095 0.70456
12.40051 -19.17909 91.43145 80.94538 -0.69802 -0.02231 -0.13766 0.70236
12.50040 -19.25562 92.60924 80.89110 -0.70105 -0.02597 -0.13835 0.69908
12.60023 -19.32798 93.78492 80.84462 -0.70377 -0.02336 -0.13530 0.69703
12.69989 -19.39494 94.96093 80.78544 -0.70643 -0.02158 -0.13579 0.69430
12.79983 -19.46059 96.13048 80.73396 -0.70932 -0.02099 -0.13616 0.69130
12.90054 -19.53163 97.32980 80.68541 -0.71216 -0.02052 -0.13536 0.68854
13.00035 -19.59996 98.50376 80.62730 -0.71457 -0.01745 -0.13223 0.68673
13.10023 -19.66254 99.68057 80.55800 -0.71653 -0.01268 -0.12726 0.68573
13.20006 -19.72915 100.85534 80.46812 -0.71852 -0.00327 -0.11841 0.68535
13.29973 -19.80158 102.03019 80.37140 -0.71971 0.00943 -0.10512 0.68621
13.40040 -19.87003 103.22397 80.29004 -0.72055 0.01371 -0.10088 0.68589
13.50035 -19.93609 104.40556 80.20629 -0.72083 0.01526 -0.10341 0.68518
13.60018 -20.00452 105.57346 80.12799 -0.72074 0.01488 -0.10457 0.68511
13.70000 -20.07057 106.75312 80.05148 -0.71987 0.01330 -0.10518 0.68597
13.79985 -20.13710 107.92781 80.00269 -0.71951 0.01092 -0.10691 0.68612
13.90049 -20.20365 109.11519 79.92996 -0.71947 0.00668 -0.11100 0.68556
14.00038 -20.27733 110.28504 79.86737 -0.71981 0.00579 -0.11063 0.68527
14.10011 -20.35501 111.45978 79.80453 -0.72004 0.00606 -0.10861 0.68535
14.19999 -20.42113 112.62397 79.72052 -0.71962 0.00675 -0.10648 0.68613
14.30027 -20.48773 113.79159 79.65344 -0.72031 0.00627 -0.10701 0.68531
14.40006 -20.55022 114.97241 79.56578 -0.72049 0.00649 -0.10768 0.68503
14.49993 -20.62108 116.16080 79.50477 -0.72026 0.00644 -0.10926 0.68501
14.59969 -20.68720 117.33478 79.42444 -0.71962 0.00676 -0.10980 0.68560
14.70002 -20.76474 118.52035 79.35316 -0.71905 0.00669 -0.11025 0.68613
14.79967 -20.83825 119.69382 79.28019 -0.71870 0.00684 -0.10984 0.68655
14.90054 -20.90945 120.87297 79.20819 -0.71862 0.00654 -0.11179 0.68633
15.00036 -20.98528 122.05008 79.14429 -0.71859 0.00568 -0.11366 0.68606
15.10016 -21.05820 123.22193 79.06912 -0.71882 0.00426 -0.11255 0.68601
15.20003 -21.14047 124.41146 79.00567 -0.71936 0.00583 -0.11016 0.68582
15.29986 -21.22191 125.58799 78.92158 -0.71941 0.00627 -0.11151 0.68555
15.40047 -21.30962 126.78642 78.86059 -0.71907 0.00812 -0.11101 0.68596
15.50034 -21.39524 127.98291 78.80922 -0.71884 0.00689 -0.11200 0.68606
0.00000 -0.19906 0.17674 1.06795 0.00127 -0.00282 0.00053 1.00000
0.09988 -0.42073 0.33757 2.28275 0.00100 -0.00443 -0.00073 0.99999
0.20045 -0.72513 0.54403 3.96227 0.00219 -0.00589 0.00051 0.99998
0.30002 -0.97545 0.79604 5.32447 0.00276 -0.00658 0.00261 0.99997
0.40018 -1.18882 1.01497 6.54800 0.00354 -0.00752 0.00170 0.99996
0.50004 -1.38847 1.20652 7.67829 0.00276 -0.00489 -0.00182 0.99998
0.59984 -1.59014 1.38457 8.76287 0.00223 -0.00072 -0.00164 1.00000
0.70046 -1.78978 1.54342 9.83132 0.00144 0.00346 -0.00302 0.99999
0.80015 -1.98833 1.71494 10.87877 0.00124 0.00566 -0.00256 0.99998
0.90021 -2.19278 1.85713 11.95522 0.00112 0.00430 0.00159 0.99999
0.99981 -2.39611 2.03385 13.07392 0.00173 0.00104 0.00492 0.99999
1.09970 -2.60173 2.21429 14.20850 0.00125 -0.00234 0.00602 0.99998
1.20051 -2.82054 2.39446 15.37396 0.00104 -0.00378 0.00482 0.99998
1.30033 -3.03800 2.56053 16.53771 0.00036 -0.00531 0.00264 0.99998
1.40003 -3.25310 2.70127 17.70111 -0.00094 -0.00574 -0.00048 0.99998
1.49999 -3.46821 2.85616 18.85047 -0.00128 -0.00466 -0.00183 0.99999
1.59974 -3.67703 3.02103 20.00146 0.00028 -0.00557 -0.00194 0.99998
1.70042 -3.88623 3.18722 21.15384 0.00073 -0.00818 -0.00060 0.99997
1.80034 -4.09560 3.34099 22.28982 0.00110 -0.00649 0.00120 0.99998
1.90009 -4.30473 3.52252 23.41906 0.00034 -0.00597 0.00348 0.99998
2.00004 -4.51720 3.72544 24.55610 0.00027 -0.00928 -0.00754 0.99993
2.09987 -4.72950 3.89628 25.70629 -0.00219 -0.01086 -0.04186 0.99906
2.20036 -4.93602 4.05736 26.84956 -0.00708 -0.01358 -0.06707 0.99763
2.30018 -5.14797 4.22457 27.98781 -0.01176 -0.01659 -0.08331 0.99632
2.39998 -5.34840 4.43567 29.11385 -0.01729 -0.01815 -0.09723 0.99495
2.49993 -5.55277 4.62927 30.25074 -0.02332 -0.02138 -0.11441 0.99293
2.59970 -5.75811 4.85009 31.39387 -0.03074 -0.02520 -0.12420 0.99146
2.70041 -5.96863 5.11485 32.53864 -0.03952 -0.03369 -0.14040 0.98873
2.79998 -6.17589 5.38193 33.65300 -0.05032 -0.04472 -0.15341 0.98587
2.90019 -6.37655 5.67029 34.75958 -0.06137 -0.05266 -0.16259 0.98337
3.00004 -6.57349 6.01245 35.84543 -0.07200 -0.05847 -0.16340 0.98219
3.09986 -6.77249 6.36512 36.91532 -0.08331 -0.05857 -0.15698 0.98234
3.20044 -6.96818 6.72987 37.97902 -0.09421 -0.05302 -0.14749 0.98314
3.30028 -7.16138 7.14641 39.00445 -0.10445 -0.04887 -0.13856 0.98362
3.40018 -7.35325 7.58337 40.02300 -0.11432 -0.04455 -0.13182 0.98365
3.49972 -7.54144 8.04201 41.02934 -0.12435 -0.04227 -0.12663 0.98322
3.59966 -7.73623 8.49474 42.04364 -0.13365 -0.03883 -0.12388 0.98249
3.70052 -7.93081 8.99238 43.04122 -0.14319 -0.03720 -0.12097 0.98157
3.79976 -8.11271 9.49685 44.01666 -0.15196 -0.03680 -0.12175 0.98017
3.90019 -8.29415 10.01207 45.00290 -0.16050 -0.03678 -0.12132 0.97886
4.00001 -8.47204 10.54649 45.95458 -0.16963 -0.03903 -0.12412 0.97688
4.09977 -8.64990 11.08127 46.91072 -0.17758 -0.03970 -0.12366 0.97550
4.20027 -8.83085 11.65931 47.84540 -0.18501 -0.03658 -0.11916 0.97480
4.30035 -9.00797 12.24008 48.77920 -0.19288 -0.03536 -0.11454 0.97387
4.40009 -9.18294 12.83376 49.68068 -0.20058 -0.03021 -0.10822 0.97321
4.49969 -9.36173 13.41311 50.58137 -0.20863 -0.02691 -0.10842 0.97159
4.59981 -9.53870 13.99944 51.47912 -0.21696 -0.02753 -0.11188 0.96936
4.70053 -9.72380 14.61569 52.38107 -0.22546 -0.03106 -0.11821 0.96656
4.80018 -9.89719 15.26460 53.25037 -0.23470 -0.03802 -0.12883 0.96274
4.89940 -10.07163 15.90719 54.12212 -0.24323 -0.04363 -0.13648 0.95933
4.99984 -10.25060 16.57744 54.97819 -0.25218 -0.04432 -0.13869 0.95666
5.09998 -10.42448 17.26980 55.82034 -0.26126 -0.04365 -0.13589 0.95466
5.20018 -10.59775 17.97468 56.65369 -0.27016 -0.04369 -0.13493 0.95231
5.30002 -10.76631 18.68819 57.47362 -0.27945 -0.04200 -0.13592 0.94956
5.39986 -10.93413 19.42019 58.26384 -0.28957 -0.04305 -0.13752 0.94625
5.50045 -11.10331 20.14433 59.05337 -0.29900 -0.04140 -0.13996 0.94303
5.60034 -11.27658 20.88816 59.82278 -0.30886 -0.04105 -0.14131 0.93966
5.70018 -11.44685 21.63379 60.56603 -0.31718 -0.03971 -0.14172 0.93687
5.79993 -11.61844 22.39257 61.30807 -0.32614 -0.04139 -0.14236 0.93362
5.89974 -11.78391 23.18580 62.04299 -0.33482 -0.04301 -0.14180 0.93056
6.00049 -11.94487 23.99853 62.77133 -0.34373 -0.04242 -0.14024 0.92757
6.10022 -12.10426 24.79914 63.47932 -0.35270 -0.04314 -0.14088 0.92406
6.19904 -12.26727 25.60935 64.16491 -0.36126 -0.04278 -0.13707 0.92134
6.29972 -12.42834 26.46683 64.83916 -0.36946 -0.03872 -0.13583 0.91845
6.40020 -12.58668 27.31990 65.50050 -0.37751 -0.03912 -0.13849 0.91476
6.50005 -12.74055 28.17149 66.14084 -0.38600 -0.04076 -0.13987 0.91092
6.59977 -12.89237 29.04245 66.76203 -0.39483 -0.04391 -0.14336 0.90644
6.69946 -13.03968 29.90777 67.37699 -0.40347 -0.04682 -0.14662 0.90196
6.80035 -13.19284 30.80422 67.99287 -0.41187 -0.04894 -0.15238 0.89708
6.90006 -13.34357 31.70057 68.58968 -0.42009 -0.04877 -0.15471 0.89287
7.00003 -13.50121 32.61736 69.17423 -0.42916 -0.04952 -0.15506 0.88844
7.09975 -13.64793 33.54061 69.72774 -0.43793 -0.05098 -0.15757 0.88362
7.20047 -13.79389 34.48069 70.28182 -0.44609 -0.05067 -0.15869 0.87935
7.30036 -13.93141 35.41648 70.80468 -0.45438 -0.04914 -0.15685 0.87551
7.40004 -14.06730 36.36563 71.30648 -0.46270 -0.04819 -0.15417 0.87168
7.49976 -14.19817 37.31864 71.78598 -0.47105 -0.04419 -0.15089 0.86798
7.59986 -14.33080 38.27266 72.23744 -0.47957 -0.04135 -0.14892 0.86379
7.70049 -14.46392 39.25521 72.68572 -0.48790 -0.03995 -0.14931 0.85910
7.80018 -14.59523 40.23046 73.12272 -0.49573 -0.03783 -0.14983 0.85462
7.90000 -14.71323 41.22736 73.53506 -0.50287 -0.03528 -0.15275 0.85002
7.99971 -14.83668 42.23514 73.94532 -0.51001 -0.03560 -0.15602 0.84515
8.09990 -14.96745 43.25139 74.35711 -0.51742 -0.03914 -0.15881 0.83995
8.20040 -15.08806 44.28482 74.73676 -0.52483 -0.04236 -0.16274 0.83443
8.30026 -15.21054 45.30793 75.11382 -0.53196 -0.04245 -0.16051 0.83033
8.40017 -15.32172 46.33103 75.44668 -0.53942 -0.04181 -0.16009 0.82562
8.49996 -15.44462 47.36713 75.78943 -0.54587 -0.04092 -0.16072 0.82129
8.60012 -15.56431 48.40195 76.10001 -0.55287 -0.04290 -0.16197 0.81625
8.70003 -15.67050 49.45420 76.39508 -0.56024 -0.04416 -0.16134 0.81126
8.79940 -15.77545 50.51536 76.66828 -0.56663 -0.04324 -0.16114 0.80690
8.90041 -15.87194 51.59799 76.91941 -0.57353 -0.04217 -0.16186 0.80192
9.00034 -15.97246 52.66604 77.16300 -0.58006 -0.03917 -0.16085 0.79757
9.09992 -16.07756 53.74042 77.39026 -0.58626 -0.03098 -0.15512 0.79453
9.20008 -16.16973 54.83158 77.60392 -0.59009 -0.00668 -0.13151 0.79652
9.29964 -16.26816 55.90445 77.81293 -0.59308 0.00924 -0.11215 0.79724
9.40014 -16.37765 56.99528 78.02498 -0.59518 0.01636 -0.10497 0.79654
9.49990 -16.48721 58.08929 78.24858 -0.59768 0.01764 -0.10436 0.79472
9.60017 -16.59377 59.17864 78.46685 -0.60113 0.00966 -0.11061 0.79140
9.70008 -16.70104 60.28721 78.67801 -0.60516 -0.00329 -0.12389 0.78639
9.79971 -16.79476 61.39182 78.88353 -0.60870 -0.01444 -0.13791 0.78119
9.90040 -16.90323 62.52717 79.08115 -0.61274 -0.02205 -0.14548 0.77646
10.00038 -17.00469 63.64685 79.26330 -0.61653 -0.02364 -0.14831 0.77288
10.09991 -17.10798 64.74921 79.43018 -0.62060 -0.02257 -0.14742 0.76981
10.19993 -17.20935 65.87425 79.57604 -0.62476 -0.02216 -0.14652 0.76663
10.29981 -17.31293 67.01888 79.72777 -0.62890 -0.01907 -0.14416 0.76377
10.40019 -17.41419 68.15069 79.86258 -0.63355 -0.01769 -0.14132 0.76048
10.50001 -17.51742 69.28429 79.99698 -0.63730 -0.01767 -0.13757 0.75803
10.59972 -17.61292 70.42423 80.10019 -0.64072 -0.01702 -0.13507 0.75561
10.70046 -17.71160 71.58296 80.21649 -0.64431 -0.01778 -0.13494 0.75256
10.80004 -17.80844 72.73530 80.32854 -0.64759 -0.01860 -0.13505 0.74970
10.90015 -17.90970 73.89302 80.44185 -0.65115 -0.01894 -0.13569 0.74648
10.99904 -17.99624 75.03126 80.53520 -0.65476 -0.02096 -0.13778 0.74287
11.09980 -18.08560 76.20707 80.62550 -0.65840 -0.02188 -0.14155 0.73891
11.19993 -18.17657 77.36877 80.69872 -0.66179 -0.02348 -0.14315 0.73552
11.29970 -18.26785 78.53337 80.73375 -0.66528 -0.02436 -0.14355 0.73226
11.40015 -18.35963 79.70356 80.79164 -0.66846 -0.02138 -0.13949 0.73024
11.49976 -18.44069 80.86664 80.81428 -0.67206 -0.01902 -0.13426 0.72798
11.59983 -18.51949 82.03141 80.85707 -0.67476 -0.01810 -0.12837 0.72656
11.70043 -18.60170 83.21729 80.89142 -0.67789 -0.01730 -0.12458 0.72432
11.80037 -18.68490 84.39149 80.91988 -0.68075 -0.01619 -0.12612 0.72140
11.90013 -18.76606 85.57026 80.94413 -0.68276 -0.01706 -0.13274 0.71828
12.00005 -18.85012 86.73393 80.97047 -0.68570 -0.01962 -0.13877 0.71427
12.10024 -18.93554 87.90951 80.98514 -0.68869 -0.02293 -0.14181 0.71068
12.20003 -19.01506 89.08369 80.98167 -0.69163 -0.02396 -0.14266 0.70761
12.29992 -19.09232 90.24643 80.95814 -0.69510 -0.02376 -0.14095 0.70456
12.40051 -19.17909 91.43145 80.94538 -0.69802 -0.02231 -0.13766 0.70236
12.50040 -19.25562 92.60924 80.89110 -0.70105 -0.02597 -0.13835 0.69908
12.60023 -19.32798 93.78492 80.84462 -0.70377 -0.02336 -0.13530 0.69703
12.69989 -19.39494 94.96093 80.78544 -0.70643 -0.02158 -0.13579 0.69430
12.79983 -19.46059 96.13048 80.73396 -0.70932 -0.02099 -0.13616 0.69130
12.90054 -19.53163 97.32980 80.68541 -0.71216 -0.02052 -0.13536 0.68854
13.00035 -19.59996 98.50376 80.62730 -0.71457 -0.01745 -0.13223 0.68673
13.10023 -19.66254 99.68057 80.55800 -0.71653 -0.01268 -0.12726 0.68573
13.20006 -19.72915 100.85534 80.46812 -0.71852 -0.00327 -0.11841 0.68535
13.29973 -19.80158 102.03019 80.37140 -0.71971 0.00943 -0.10512 0.68621
13.40040 -19.87003 103.22397 80.29004 -0.72055 0.01371 -0.10088 0.68589
13.50035 -19.93609 104.40556 80.20629 -0.72083 0.01526 -0.10341 0.68518
13.60018 -20.00452 105.57346 80.12799 -0.72074 0.01488 -0.10457 0.68511
13.70000 -20.07057 106.75312 80.05148 -0.71987 0.01330 -0.10518 0.68597
13.79985 -20.13710 107.92781 80.00269 -0.71951 0.01092 -0.10691 0.68612
13.90049 -20.20365 109.11519 79.92996 -0.71947 0.00668 -0.11100 0.68556
14.00038 -20.27733 110.28504 79.86737 -0.71981 0.00579 -0.11063 0.68527
14.10011 -20.35501 111.45978 79.80453 -0.72004 0.00606 -0.10861 0.68535
14.19999 -20.42113 112.62397 79.72052 -0.71962 0.00675 -0.10648 0.68613
14.30027 -20.48773 113.79159 79.65344 -0.72031 0.00627 -0.10701 0.68531
14.40006 -20.55022 114.97241 79.56578 -0.72049 0.00649 -0.10768 0.68503
14.49993 -20.62108 116.16080 79.50477 -0.72026 0.00644 -0.10926 0.68501
14.59969 -20.68720 117.33478 79.42444 -0.71962 0.00676 -0.10980 0.68560
14.70002 -20.76474 118.52035 79.35316 -0.71905 0.00669 -0.11025 0.68613
14.79967 -20.83825 119.69382 79.28019 -0.71870 0.00684 -0.10984 0.68655
14.90054 -20.90945 120.87297 79.20819 -0.71862 0.00654 -0.11179 0.68633
15.00036 -20.98528 122.05008 79.14429 -0.71859 0.00568 -0.11366 0.68606
15.10016 -21.05820 123.22193 79.06912 -0.71882 0.00426 -0.11255 0.68601
15.20003 -21.14047 124.41146 79.00567 -0.71936 0.00583 -0.11016 0.68582
15.29986 -21.22191 125.58799 78.92158 -0.71941 0.00627 -0.11151 0.68555
15.40047 -21.30962 126.78642 78.86059 -0.71907 0.00812 -0.11101 0.68596
15.50034 -21.39524 127.98291 78.80922 -0.71884 0.00689 -0.11200 0.68606
15.60020 -21.47324 129.16307 78.73915 -0.71873 0.00233 -0.11402 0.68587
15.70003 -21.54569 130.32468 78.67499 -0.71879 0.00118 -0.11199 0.68615
15.79987 -21.61790 131.51163 78.61396 -0.71864 0.00191 -0.10945 0.68671
15.90037 -21.69696 132.70083 78.55334 -0.71836 0.00312 -0.10681 0.68742
16.00023 -21.77153 133.87459 78.48889 -0.71802 0.00290 -0.10512 0.68803
16.10017 -21.84335 135.05743 78.42305 -0.71851 0.00021 -0.10620 0.68736
16.20001 -21.91246 136.24547 78.36801 -0.71902 -0.00097 -0.10662 0.68676
16.29990 -21.98271 137.43022 78.30472 -0.71896 -0.00135 -0.10717 0.68674
16.40051 -22.05450 138.61788 78.23985 -0.71932 -0.00234 -0.10790 0.68624
16.50041 -22.12522 139.80214 78.16050 -0.71894 -0.00319 -0.10947 0.68639
16.60025 -22.19231 140.98462 78.09216 -0.71886 -0.00430 -0.10943 0.68648
16.70004 -22.25553 142.16162 77.99708 -0.71839 -0.00402 -0.10958 0.68695
16.79993 -22.31862 143.34541 77.93201 -0.71838 -0.00276 -0.10870 0.68710
16.90051 -22.38724 144.53820 77.86235 -0.71784 0.00032 -0.11121 0.68727
17.00034 -22.45331 145.71810 77.78989 -0.71766 0.00123 -0.11319 0.68714
17.10021 -22.52135 146.89295 77.72562 -0.71728 0.00159 -0.11379 0.68743
17.20001 -22.58804 148.06158 77.65327 -0.71680 0.00173 -0.11394 0.68791
17.29912 -22.65170 149.22279 77.57912 -0.71693 -0.00071 -0.11450 0.68768
17.40057 -22.71408 150.42759 77.49657 -0.71766 -0.00237 -0.11498 0.68683
17.50036 -22.77773 151.59644 77.40391 -0.71780 -0.00133 -0.11781 0.68621
17.60015 -22.84423 152.77740 77.31630 -0.71801 0.00044 -0.11832 0.68590
17.69997 -22.91102 153.96248 77.20869 -0.71817 -0.00019 -0.12196 0.68509
17.79985 -22.97522 155.14560 77.11552 -0.71853 -0.00059 -0.12419 0.68432
17.90052 -23.03415 156.31855 77.00699 -0.71837 0.00144 -0.12248 0.68480
18.00040 -23.09589 157.49307 76.90721 -0.71852 0.00132 -0.11949 0.68516
18.10012 -23.15432 158.66263 76.80410 -0.71825 -0.00427 -0.11725 0.68582
18.20000 -23.20603 159.85066 76.69550 -0.71836 -0.00866 -0.11671 0.68575
18.29990 -23.25687 161.04903 76.58542 -0.71856 -0.00816 -0.11842 0.68526
18.40056 -23.31154 162.25099 76.45710 -0.71900 -0.00705 -0.12099 0.68436
18.50029 -23.37189 163.42830 76.34071 -0.71922 -0.00168 -0.12141 0.68409
18.60016 -23.43418 164.61216 76.23673 -0.71927 0.00312 -0.11908 0.68444
18.69997 -23.49297 165.79323 76.10670 -0.71899 0.00536 -0.11615 0.68522
18.79985 -23.54695 166.96835 75.95911 -0.71911 0.00511 -0.11492 0.68531
18.90049 -23.60454 168.17768 75.83568 -0.71884 0.00615 -0.11219 0.68604
19.00032 -23.66248 169.36145 75.69744 -0.71850 0.00417 -0.11125 0.68656
19.10015 -23.71786 170.53485 75.55199 -0.71849 -0.00014 -0.11140 0.68655
19.20004 -23.77172 171.73767 75.40246 -0.71830 -0.00261 -0.11453 0.68624
19.29986 -23.82632 172.92484 75.26780 -0.71828 -0.00248 -0.11622 0.68598
19.40051 -23.87791 174.12085 75.12201 -0.71841 -0.00168 -0.11658 0.68578
19.50030 -23.92503 175.30241 74.96441 -0.71759 0.00011 -0.11775 0.68644
19.60018 -23.97363 176.48577 74.78957 -0.71702 0.00077 -0.11800 0.68699
19.70000 -24.03134 177.67551 74.63187 -0.71751 0.00325 -0.11705 0.68664
19.80009 -24.08020 178.87462 74.45304 -0.71785 0.00325 -0.11742 0.68622
19.90010 -24.13454 180.08575 74.29019 -0.71818 0.00362 -0.11736 0.68588
19.99995 -24.18331 181.27348 74.10671 -0.71817 0.00314 -0.11761 0.68585
20.10057 -24.23582 182.47529 73.92598 -0.71770 0.00266 -0.11625 0.68658
20.20040 -24.28554 183.65739 73.74690 -0.71812 0.00154 -0.11641 0.68611
20.30027 -24.34007 184.86066 73.56392 -0.71788 0.00107 -0.11541 0.68653
20.40007 -24.38768 186.03972 73.35793 -0.71788 -0.00010 -0.11450 0.68669
20.49997 -24.43417 187.22233 73.14252 -0.71783 -0.00140 -0.11354 0.68690
20.60056 -24.48249 188.41588 72.93106 -0.71750 -0.00142 -0.11462 0.68706
20.70041 -24.52958 189.60907 72.70248 -0.71725 -0.00203 -0.11313 0.68757
20.80024 -24.57413 190.79830 72.48589 -0.71707 -0.00207 -0.11230 0.68789
20.90010 -24.61526 191.99502 72.25205 -0.71687 -0.00307 -0.11167 0.68819
20.99997 -24.66331 193.20015 72.01384 -0.71657 -0.00326 -0.11184 0.68848
21.10048 -24.70245 194.41254 71.76672 -0.71632 -0.00211 -0.11239 0.68866
21.20042 -24.74568 195.61188 71.52731 -0.71580 -0.00089 -0.11193 0.68928
21.30012 -24.79081 196.83331 71.28274 -0.71567 -0.00107 -0.11217 0.68937
21.40009 -24.83435 198.04175 71.02547 -0.71567 -0.00188 -0.11078 0.68959
21.49992 -24.88214 199.26604 70.77127 -0.71552 -0.00220 -0.11117 0.68968
21.60053 -24.93342 200.49179 70.50464 -0.71520 -0.00197 -0.11093 0.69006
21.70040 -24.97470 201.71535 70.23115 -0.71560 0.00004 -0.11185 0.68949
21.80018 -25.01429 202.93469 69.95588 -0.71551 0.00169 -0.11222 0.68953
21.90009 -25.05469 204.16787 69.67509 -0.71520 0.00297 -0.11202 0.68988
21.99993 -25.09048 205.38398 69.38736 -0.71515 0.00404 -0.11171 0.68998
22.10057 -25.13083 206.62364 69.09149 -0.71530 0.00453 -0.11197 0.68977
22.20035 -25.17309 207.85323 68.79749 -0.71510 0.00590 -0.11182 0.69000
22.30016 -25.21392 209.07888 68.48886 -0.71501 0.00470 -0.11156 0.69014
22.40002 -25.25164 210.30341 68.17422 -0.71492 0.00232 -0.11113 0.69032
22.49987 -25.28376 211.51975 67.85794 -0.71435 -0.00081 -0.11113 0.69090
22.60054 -25.31844 212.76050 67.54013 -0.71392 0.00202 -0.11231 0.69116
22.70039 -25.34958 213.97358 67.20790 -0.71364 0.00510 -0.11306 0.69130
22.80019 -25.38352 215.19175 66.86696 -0.71440 0.00420 -0.11313 0.69052
22.90007 -25.41754 216.42798 66.52954 -0.71437 0.00314 -0.11457 0.69032
22.99994 -25.44797 217.65964 66.19832 -0.71464 0.00266 -0.11493 0.68998
23.10055 -25.48039 218.89601 65.86199 -0.71451 0.00469 -0.11352 0.69034
23.20037 -25.51396 220.12899 65.51966 -0.71382 0.00767 -0.11208 0.69126
23.30024 -25.54071 221.35958 65.17213 -0.71357 0.00604 -0.11321 0.69135
23.40008 -25.56682 222.59276 64.82731 -0.71354 0.00606 -0.11462 0.69115
23.49989 -25.58989 223.82240 64.45849 -0.71348 0.00591 -0.11470 0.69120
23.60048 -25.60991 225.05292 64.08319 -0.71352 0.00525 -0.11312 0.69142
23.70040 -25.63114 226.28345 63.71568 -0.71356 0.00451 -0.11094 0.69174
23.80015 -25.65532 227.51454 63.34119 -0.71331 0.00410 -0.11169 0.69188
23.90004 -25.67540 228.74082 62.95744 -0.71337 0.00378 -0.11110 0.69191
23.99992 -25.68841 229.97800 62.57453 -0.71294 0.00445 -0.11217 0.69218
24.10028 -25.70456 231.20754 62.19462 -0.71270 0.00482 -0.11341 0.69223
24.20045 -25.71946 232.44437 61.80829 -0.71277 0.00330 -0.11254 0.69230
24.30024 -25.72807 233.68723 61.40186 -0.71294 0.00265 -0.11106 0.69236
24.40002 -25.73800 234.93366 60.98996 -0.71312 0.00263 -0.10925 0.69247
24.49984 -25.74754 236.17786 60.57960 -0.71250 0.00531 -0.10958 0.69304
24.60052 -25.76090 237.40239 60.17658 -0.71150 0.00746 -0.11003 0.69398
24.70038 -25.77436 238.64063 59.74162 -0.71127 0.00752 -0.11177 0.69394
24.80023 -25.78911 239.87488 59.34594 -0.71112 0.00715 -0.11436 0.69367
24.90011 -25.80008 241.11631 58.92560 -0.71128 0.00648 -0.11451 0.69349
24.99997 -25.81782 242.33489 58.52230 -0.71099 0.00563 -0.11414 0.69385
25.10053 -25.83455 243.57212 58.10715 -0.71058 0.00722 -0.11417 0.69425
25.20041 -25.83938 244.79440 57.67883 -0.71079 0.00768 -0.11373 0.69411
25.29983 -25.84996 246.02837 57.27323 -0.71103 0.00827 -0.11456 0.69372
25.39961 -25.86300 247.26920 56.85923 -0.71076 0.00725 -0.11341 0.69420
25.49997 -25.87303 248.50504 56.43761 -0.71046 0.00703 -0.11093 0.69490
25.60054 -25.87794 249.75439 55.99580 -0.70992 0.00695 -0.10997 0.69560
25.70041 -25.87710 250.98793 55.56268 -0.70944 0.00731 -0.11061 0.69600
25.80020 -25.88208 252.21542 55.13247 -0.70867 0.00807 -0.11376 0.69626
25.90005 -25.89388 253.46539 54.69921 -0.70768 0.00998 -0.11411 0.69719
25.99988 -25.91333 254.70742 54.29762 -0.70645 0.00951 -0.11407 0.69845
26.10054 -25.93199 255.92273 53.88658 -0.70620 0.00878 -0.11372 0.69876
26.20010 -25.93638 257.16769 53.43274 -0.70661 0.00714 -0.11302 0.69848
26.30021 -25.95046 258.41094 53.01498 -0.70634 0.00603 -0.11213 0.69891
26.40004 -25.96128 259.66618 52.57735 -0.70619 0.00611 -0.11288 0.69894
26.49979 -25.97610 260.95235 52.14942 -0.70611 0.00786 -0.11201 0.69915
26.60022 -25.98727 262.22322 51.71012 -0.70562 0.00798 -0.11124 0.69976
26.70036 -25.99726 263.47839 51.32293 -0.70559 0.00764 -0.11073 0.69988
26.80023 -26.00825 264.77459 50.86589 -0.70589 0.00806 -0.11212 0.69935
26.90007 -26.02705 266.01356 50.47969 -0.70546 0.00608 -0.11432 0.69944
26.99985 -26.03849 267.28340 50.06188 -0.70541 0.00587 -0.11475 0.69943
27.10053 -26.05773 268.57256 49.62671 -0.70538 0.00751 -0.11409 0.69955
27.20036 -26.07472 269.86983 49.18530 -0.70446 0.00654 -0.11688 0.70002
27.30024 -26.09306 271.18719 48.74025 -0.70364 0.00689 -0.11978 0.70036
27.40004 -26.11267 272.47757 48.33336 -0.70279 0.00814 -0.11696 0.70167
27.49992 -26.12162 273.77715 47.87451 -0.70329 0.00850 -0.11675 0.70120
27.60058 -26.14683 275.11666 47.47887 -0.70299 0.00839 -0.11772 0.70133
27.70036 -26.17100 276.42143 47.07937 -0.70285 0.00696 -0.11633 0.70173
27.79988 -26.19236 277.72660 46.66246 -0.70196 0.00777 -0.11712 0.70247
27.90002 -26.22819 279.04390 46.27631 -0.70136 0.00800 -0.11820 0.70290
27.99981 -26.25883 280.33834 45.89257 -0.70144 0.00944 -0.12080 0.70236
28.10049 -26.29234 281.65840 45.49764 -0.70131 0.01301 -0.12279 0.70208
28.20032 -26.32472 282.97297 45.13425 -0.70119 0.01453 -0.12141 0.70241
28.30015 -26.34751 284.26586 44.72717 -0.70081 0.01206 -0.12600 0.70203
28.40004 -26.37339 285.56212 44.32799 -0.70111 0.00759 -0.12534 0.70191
28.50024 -26.39650 286.86350 43.94287 -0.70151 0.00606 -0.12244 0.70204
28.59997 -26.41700 288.16386 43.55178 -0.70116 0.00543 -0.12140 0.70257
28.69988 -26.44519 289.48455 43.18928 -0.70146 0.00811 -0.11966 0.70255
28.80055 -26.46730 290.78876 42.82180 -0.70196 0.01263 -0.11577 0.70264
28.90023 -26.49611 292.08204 42.48890 -0.70181 0.01765 -0.11209 0.70327
29.00020 -26.51882 293.37999 42.11102 -0.70261 0.01837 -0.11132 0.70258
29.10000 -26.54083 294.66592 41.73365 -0.70290 0.01659 -0.11543 0.70166
29.19988 -26.57014 295.96394 41.41370 -0.70397 0.01064 -0.11936 0.70005
29.30033 -26.59223 297.24952 41.06163 -0.70555 0.00474 -0.12468 0.69759
29.40034 -26.62444 298.52287 40.78368 -0.70735 0.00097 -0.12812 0.69515
29.50026 -26.65121 299.81642 40.46901 -0.70890 -0.00388 -0.13339 0.69257
29.59997 -26.69312 301.12264 40.19820 -0.71070 -0.00728 -0.13533 0.69032
29.69990 -26.72514 302.41905 39.87738 -0.71213 -0.01163 -0.13830 0.68819
29.80032 -26.76112 303.75071 39.55933 -0.71343 -0.01848 -0.14244 0.68585
29.90036 -26.79625 305.07073 39.24911 -0.71441 -0.02800 -0.15572 0.68160
30.00017 -26.83481 306.37511 38.98972 -0.71700 -0.03479 -0.15999 0.67757
30.10002 -26.87201 307.68118 38.73674 -0.71984 -0.03494 -0.15553 0.67559
30.19960 -26.91071 309.00523 38.51316 -0.72213 -0.02875 -0.14746 0.67524
30.30051 -26.95093 310.34943 38.23720 -0.72436 -0.02095 -0.13799 0.67515
30.40009 -26.98998 311.63599 37.97706 -0.72559 -0.01541 -0.13137 0.67529
30.50015 -27.02318 312.95343 37.69266 -0.72709 -0.01464 -0.13121 0.67372
30.60007 -27.05078 314.24934 37.42723 -0.72823 -0.01813 -0.13445 0.67177
30.69946 -27.07840 315.54152 37.16994 -0.73027 -0.02373 -0.14045 0.66814
30.80053 -27.11185 316.88107 36.90774 -0.73242 -0.02836 -0.14508 0.66461
30.90041 -27.16482 318.21069 36.69671 -0.73427 -0.03006 -0.14953 0.66150
31.00013 -27.21282 319.53293 36.48347 -0.73647 -0.03007 -0.15319 0.65821
31.10002 -27.25784 320.84616 36.23678 -0.73897 -0.03173 -0.15708 0.65440
31.19993 -27.31046 322.18009 36.01999 -0.74117 -0.02982 -0.16129 0.65097
31.30052 -27.35178 323.48707 35.77339 -0.74363 -0.03031 -0.16451 0.64733
31.40017 -27.39891 324.78063 35.52908 -0.74653 -0.03464 -0.16436 0.64380
31.49993 -27.44547 326.08811 35.28555 -0.74972 -0.03721 -0.16234 0.64045
31.59999 -27.49323 327.39546 35.04751 -0.75250 -0.03530 -0.15839 0.63829
31.69980 -27.53598 328.70724 34.81868 -0.75531 -0.03432 -0.15192 0.63659
31.80051 -27.56792 330.00830 34.55005 -0.75793 -0.03375 -0.14669 0.63473
31.90031 -27.60691 331.32574 34.30071 -0.75989 -0.03456 -0.14726 0.63221
32.00004 -27.64348 332.62147 34.04228 -0.76237 -0.03434 -0.14974 0.62864
32.10004 -27.67961 333.92603 33.79017 -0.76482 -0.03774 -0.15285 0.62471
32.19985 -27.70593 335.21044 33.50214 -0.76722 -0.03921 -0.15546 0.62102
32.30049 -27.73661 336.51149 33.22483 -0.77043 -0.04006 -0.15607 0.61683
32.40031 -27.75963 337.79819 32.92845 -0.77312 -0.04141 -0.15803 0.61286
32.50023 -27.78102 339.08387 32.62075 -0.77579 -0.04262 -0.16226 0.60828
32.60002 -27.79761 340.36609 32.30486 -0.77817 -0.04320 -0.16508 0.60443
32.69981 -27.81160 341.62404 31.96495 -0.78095 -0.04431 -0.16641 0.60038
32.80042 -27.83133 342.90622 31.62460 -0.78309 -0.04154 -0.16638 0.59780
32.90031 -27.83907 344.17252 31.25983 -0.78598 -0.03669 -0.16385 0.59502
33.00017 -27.84780 345.43817 30.89582 -0.78917 -0.03538 -0.15884 0.59222
33.09997 -27.85865 346.72192 30.52626 -0.79152 -0.03546 -0.16173 0.58828
33.19986 -27.86425 347.98314 30.13975 -0.79267 -0.03577 -0.16580 0.58559
33.30045 -27.86910 349.26573 29.75448 -0.79479 -0.03411 -0.16122 0.58408
33.40009 -27.86425 350.52162 29.32581 -0.79681 -0.03032 -0.15800 0.58242
33.49986 -27.86635 351.78315 28.91974 -0.79904 -0.02776 -0.15326 0.58076
33.60003 -27.86101 353.00262 28.48701 -0.80157 -0.02881 -0.15161 0.57765
33.69975 -27.85530 354.25988 28.05125 -0.80345 -0.03464 -0.15466 0.57388
33.80003 -27.84838 355.53783 27.57815 -0.80569 -0.03767 -0.16059 0.56891
33.89989 -27.83540 356.79427 27.10883 -0.80802 -0.04384 -0.16587 0.56362
34.00017 -27.81457 358.05806 26.61959 -0.81056 -0.04815 -0.16973 0.55845
34.09985 -27.79252 359.31920 26.11159 -0.81334 -0.05248 -0.17285 0.55304
34.20012 -27.76985 360.56566 25.60025 -0.81672 -0.05750 -0.17343 0.54735
34.30008 -27.75075 361.80467 25.10031 -0.81954 -0.05790 -0.17209 0.54349
34.39970 -27.72995 363.03907 24.55657 -0.82249 -0.05532 -0.16932 0.54016
34.50055 -27.69912 364.25758 23.99728 -0.82524 -0.05144 -0.16739 0.53695
34.60028 -27.67221 365.48188 23.42743 -0.82773 -0.04852 -0.16768 0.53328
34.70008 -27.64541 366.71509 22.85778 -0.83028 -0.04699 -0.16620 0.52991
34.80000 -27.61391 367.92042 22.28685 -0.83355 -0.04949 -0.16429 0.52512
34.89987 -27.57634 369.13351 21.70112 -0.83587 -0.05414 -0.16619 0.52035
35.00061 -27.53986 370.34122 21.10481 -0.83849 -0.05750 -0.16618 0.51577
35.10038 -27.49653 371.53960 20.49690 -0.84104 -0.05988 -0.16612 0.51134
35.20023 -27.45737 372.73114 19.89293 -0.84376 -0.05554 -0.16362 0.50815
35.30002 -27.40966 373.91399 19.24651 -0.84674 -0.05450 -0.15947 0.50461
35.39985 -27.35728 375.08807 18.59079 -0.84918 -0.05436 -0.16045 0.50020
35.50051 -27.30612 376.28362 17.93864 -0.85170 -0.05206 -0.16051 0.49612
35.60033 -27.26262 377.45477 17.27348 -0.85390 -0.05005 -0.16312 0.49168
35.70004 -27.20834 378.61641 16.61772 -0.85617 -0.04583 -0.16222 0.48843
35.79998 -27.14356 379.77348 15.91824 -0.85827 -0.04271 -0.16118 0.48536
35.89985 -27.07972 380.91915 15.21909 -0.85990 -0.03715 -0.16032 0.48320
36.00052 -27.01917 382.07050 14.49063 -0.86188 -0.03253 -0.16022 0.48004
36.10010 -26.95950 383.21695 13.76743 -0.86352 -0.02821 -0.15826 0.47800
36.20015 -26.89358 384.35254 13.03393 -0.86516 -0.02473 -0.15663 0.47576
36.29996 -26.83608 385.46871 12.30814 -0.86643 -0.02134 -0.15498 0.47415
36.39986 -26.77253 386.58657 11.55740 -0.86734 -0.01666 -0.15441 0.47287
36.50037 -26.70754 387.72151 10.81764 -0.86796 -0.00985 -0.15140 0.47288
36.60030 -26.64635 388.84881 10.07438 -0.86912 -0.01012 -0.14697 0.47216
36.70015 -26.57849 389.95792 9.31623 -0.86985 -0.01314 -0.14679 0.47080
36.79998 -26.50983 391.08127 8.55994 -0.87020 -0.01173 -0.15036 0.46904
36.89993 -26.44304 392.21355 7.79815 -0.87070 -0.01654 -0.15485 0.46651
37.00049 -26.38167 393.34273 7.03061 -0.87206 -0.02485 -0.15687 0.46292
37.10035 -26.31509 394.46480 6.25985 -0.87344 -0.03208 -0.15913 0.45908
37.20008 -26.24493 395.58242 5.50152 -0.87455 -0.03713 -0.16004 0.45626
37.30004 -26.17480 396.71059 4.71618 -0.87558 -0.03747 -0.15786 0.45501
37.39964 -26.10159 397.82709 3.91665 -0.87657 -0.02850 -0.15274 0.45551
37.50051 -26.02839 398.95451 3.12663 -0.87728 -0.01818 -0.14816 0.45617
37.60044 -25.95084 400.07078 2.30672 -0.87765 -0.01142 -0.14584 0.45643
37.70017 -25.87336 401.16335 1.50296 -0.87826 -0.00933 -0.14492 0.45560
37.80009 -25.79823 402.27464 0.70899 -0.87923 -0.01440 -0.14849 0.45243
37.89940 -25.71771 403.38490 -0.09813 -0.88054 -0.02231 -0.15200 0.44838
38.00053 -25.64021 404.50642 -0.90917 -0.88195 -0.03357 -0.15753 0.44298
38.10016 -25.56197 405.60925 -1.72362 -0.88322 -0.04354 -0.16315 0.43751
38.20015 -25.47961 406.71265 -2.54815 -0.88487 -0.04731 -0.16508 0.43304
38.30009 -25.39106 407.79594 -3.38015 -0.88719 -0.04632 -0.16494 0.42842
38.39993 -25.31006 408.87813 -4.20812 -0.88846 -0.04690 -0.16677 0.42501
38.50053 -25.21945 409.94974 -5.06606 -0.89050 -0.05004 -0.16639 0.42050
38.60028 -25.12676 411.02750 -5.92398 -0.89232 -0.04980 -0.16595 0.41683
38.70016 -25.02561 412.05978 -6.80651 -0.89419 -0.04384 -0.16550 0.41365
38.79993 -24.93052 413.11525 -7.69044 -0.89571 -0.03843 -0.16564 0.41084
38.89988 -24.83448 414.15762 -8.58342 -0.89739 -0.03304 -0.16448 0.40811
39.00052 -24.74241 415.20149 -9.47940 -0.89905 -0.02994 -0.16334 0.40512
39.10037 -24.64134 416.22950 -10.39128 -0.90049 -0.02910 -0.16355 0.40189
39.20018 -24.54255 417.24329 -11.28963 -0.90188 -0.02896 -0.16368 0.39873
39.29995 -24.44019 418.24899 -12.20219 -0.90309 -0.02980 -0.16471 0.39548
39.39969 -24.33576 419.25645 -13.12353 -0.90408 -0.03115 -0.16774 0.39182
39.50046 -24.22937 420.25851 -14.05396 -0.90533 -0.03059 -0.16825 0.38876
39.60033 -24.12048 421.25462 -14.99393 -0.90681 -0.02922 -0.16787 0.38556
39.70016 -24.01249 422.22986 -15.93313 -0.90831 -0.03201 -0.16831 0.38160
39.79985 -23.89186 423.20640 -16.89288 -0.90958 -0.03373 -0.16887 0.37816
39.89995 -23.77952 424.17989 -17.84770 -0.91098 -0.03181 -0.16721 0.37569
40.00047 -23.66220 425.15524 -18.82301 -0.91193 -0.02826 -0.16689 0.37381
40.10028 -23.54535 426.13464 -19.79930 -0.91274 -0.02311 -0.16727 0.37200
40.20022 -23.42981 427.09593 -20.78237 -0.91384 -0.01779 -0.16557 0.37037
40.29944 -23.30778 428.02636 -21.76736 -0.91469 -0.01442 -0.16463 0.36882
40.39987 -23.18220 428.97877 -22.76326 -0.91569 -0.01367 -0.16410 0.36661
40.50050 -23.05938 429.92976 -23.76581 -0.91663 -0.01334 -0.16265 0.36491
40.60010 -22.93358 430.87474 -24.76779 -0.91752 -0.01232 -0.16197 0.36299
40.70022 -22.80958 431.81515 -25.77158 -0.91812 -0.00968 -0.16094 0.36202
40.79990 -22.68372 432.75217 -26.77914 -0.91887 -0.00860 -0.16074 0.36024
40.89986 -22.55230 433.67625 -27.79806 -0.91941 -0.00719 -0.16128 0.35864
41.00046 -22.42378 434.61232 -28.81739 -0.92029 -0.00682 -0.15989 0.35701
41.10026 -22.29490 435.53086 -29.83445 -0.92070 -0.00462 -0.15895 0.35641
41.20024 -22.16884 436.45168 -30.86135 -0.92138 -0.00222 -0.15779 0.35518
41.30006 -22.03359 437.36267 -31.89013 -0.92178 -0.00272 -0.15820 0.35395
41.39988 -21.90089 438.28398 -32.91750 -0.92213 -0.00424 -0.15945 0.35247
41.50017 -21.77610 439.19672 -33.94276 -0.92284 -0.00666 -0.16019 0.35022
41.60021 -21.64609 440.11717 -34.97929 -0.92335 -0.01007 -0.16114 0.34837
41.69922 -21.51859 441.02686 -36.00696 -0.92397 -0.01068 -0.16174 0.34643
41.80012 -21.38345 441.94616 -37.06186 -0.92448 -0.00983 -0.16121 0.34533
41.89984 -21.25447 442.84793 -38.11320 -0.92486 -0.00838 -0.16169 0.34413
42.00054 -21.12899 443.76553 -39.17108 -0.92539 -0.00617 -0.16184 0.34267
42.10036 -20.99512 444.68189 -40.23182 -0.92567 -0.00420 -0.16139 0.34216
42.20021 -20.86040 445.57860 -41.28956 -0.92624 -0.00511 -0.16246 0.34010
42.30006 -20.72636 446.47537 -42.34558 -0.92670 -0.00446 -0.16223 0.33896
42.39985 -20.59516 447.37118 -43.41532 -0.92719 0.00071 -0.15911 0.33911
42.50049 -20.45882 448.28494 -44.49557 -0.92767 0.00354 -0.15786 0.33837
42.60037 -20.32857 449.17325 -45.56523 -0.92842 0.00353 -0.15587 0.33723
42.70021 -20.19668 450.06524 -46.62381 -0.92900 0.00083 -0.15619 0.33550
42.79977 -20.06234 450.94266 -47.68257 -0.92932 -0.00406 -0.15848 0.33351
42.89991 -19.92130 451.83184 -48.76235 -0.92992 -0.00622 -0.15938 0.33137
43.00049 -19.78405 452.72673 -49.84446 -0.93028 -0.00921 -0.16140 0.32931
43.09958 -19.64613 453.59520 -50.93942 -0.93084 -0.00671 -0.15971 0.32861
43.20003 -19.50252 454.47069 -52.04279 -0.93118 0.00104 -0.15630 0.32937
43.30004 -19.36075 455.33817 -53.12466 -0.93120 0.00962 -0.15383 0.33033
43.39991 -19.22345 456.19380 -54.20430 -0.93110 0.01183 -0.15300 0.33091
43.50061 -19.08945 457.08442 -55.29701 -0.93160 0.00855 -0.15307 0.32957
43.60023 -18.95316 457.97053 -56.37153 -0.93185 0.00459 -0.15565 0.32774
43.70030 -18.81030 458.84385 -57.46495 -0.93208 -0.00171 -0.15871 0.32562
43.79996 -18.67132 459.72946 -58.55777 -0.93238 -0.00526 -0.16030 0.32394
43.89989 -18.52740 460.59105 -59.64918 -0.93273 -0.00608 -0.16091 0.32261
44.00001 -18.38341 461.45251 -60.75669 -0.93305 -0.00494 -0.16018 0.32208
44.09977 -18.24497 462.30317 -61.86243 -0.93351 -0.00132 -0.15827 0.32172
44.20023 -18.10693 463.17742 -62.97026 -0.93391 0.00025 -0.15856 0.32042
44.30002 -17.96627 464.02830 -64.05874 -0.93416 0.00134 -0.15915 0.31938
44.39988 -17.82003 464.88390 -65.16740 -0.93426 0.00145 -0.16002 0.31867
44.50054 -17.67675 465.73562 -66.28820 -0.93458 0.00083 -0.16084 0.31733
44.60040 -17.53313 466.56945 -67.39890 -0.93486 0.00123 -0.16071 0.31655
44.70025 -17.38591 467.41376 -68.51634 -0.93492 0.00187 -0.16051 0.31648
44.80009 -17.23562 468.28239 -69.63059 -0.93533 0.00302 -0.15961 0.31572
44.89993 -17.09546 469.10072 -70.73973 -0.93562 0.00425 -0.15884 0.31522
45.00050 -16.95307 469.97600 -71.85747 -0.93587 0.00422 -0.15889 0.31447
45.10037 -16.80822 470.82187 -72.97446 -0.93595 0.00422 -0.15955 0.31389
45.19985 -16.65871 471.65838 -74.09793 -0.93639 0.00231 -0.15963 0.31256
45.30003 -16.51717 472.50084 -75.21615 -0.93701 0.00214 -0.15710 0.31198
45.39981 -16.36590 473.33773 -76.34398 -0.93725 0.00232 -0.15759 0.31101
45.50056 -16.21274 474.19320 -77.48231 -0.93735 0.00201 -0.15744 0.31077
45.60025 -16.06726 475.02433 -78.59392 -0.93786 0.00112 -0.15638 0.30978
45.70010 -15.92122 475.86088 -79.70602 -0.93802 0.00085 -0.15695 0.30900
45.80014 -15.76973 476.70777 -80.84143 -0.93832 -0.00060 -0.15788 0.30762
45.89989 -15.62474 477.53024 -81.95069 -0.93842 -0.00178 -0.15895 0.30677
46.00015 -15.47287 478.36682 -83.09250 -0.93876 -0.00211 -0.15968 0.30532
46.09994 -15.32849 479.18424 -84.23711 -0.93902 -0.00126 -0.15967 0.30455
46.19998 -15.17627 480.01917 -85.39373 -0.93972 -0.00078 -0.15653 0.30402
46.30002 -15.02154 480.82151 -86.54134 -0.94000 0.00082 -0.15616 0.30332
46.39988 -14.86564 481.63831 -87.69626 -0.94028 0.00070 -0.15609 0.30250
46.49990 -14.71619 482.45670 -88.84190 -0.94046 0.00184 -0.15575 0.30213
46.60033 -14.56416 483.29051 -89.98308 -0.94061 0.00136 -0.15725 0.30088
46.70011 -14.41240 484.09306 -91.12119 -0.94057 -0.00038 -0.15925 0.29994
0.00000 0.02756 -0.08689 -0.00154 -0.00004 0.00004 0.00261 1.00000
0.10064 0.03825 -0.05666 0.00049 -0.00076 0.00002 0.00179 1.00000
0.20055 0.04706 -0.01792 -0.00276 0.00008 -0.00006 0.00084 1.00000
0.30035 0.06556 -0.05741 0.00105 -0.00078 0.00009 0.00250 1.00000
0.40006 0.05655 -0.08186 -0.00116 -0.00004 -0.00006 0.00265 1.00000
0.49871 0.07147 -0.06408 -0.00093 -0.00040 -0.00010 0.00255 1.00000
0.59730 0.07490 -0.08484 -0.00131 -0.00049 -0.00003 0.00335 0.99999
0.69596 0.06906 -0.08324 -0.00356 0.00026 -0.00012 0.00240 1.00000
0.80027 0.07037 -0.08712 -0.00529 -0.00036 -0.00012 0.00225 1.00000
0.90015 0.06707 -0.09543 -0.00494 -0.00052 -0.00014 0.00326 0.99999
1.00005 0.08427 -0.08736 -0.00832 0.00007 -0.00026 0.00248 1.00000
1.10066 0.08389 -0.08599 -0.00868 0.00013 -0.00029 0.00313 1.00000
1.19948 0.09128 -0.09094 -0.00675 -0.00066 -0.00044 0.00280 1.00000
1.29873 0.09020 -0.09015 -0.00402 0.00019 -0.00044 0.00283 1.00000
1.40020 0.09975 -0.08245 -0.00513 0.00021 -0.00080 0.00255 1.00000
1.50001 0.11402 -0.07169 0.00319 -0.00054 -0.00075 0.00283 1.00000
1.60069 0.14685 -0.08400 0.00428 -0.00029 -0.00126 0.00334 0.99999
1.69972 0.18782 -0.08395 0.00422 0.00033 -0.00142 0.00292 0.99999
1.79829 0.24407 -0.07817 0.00383 -0.00044 -0.00095 0.00257 1.00000
1.89703 0.31473 -0.07686 0.00374 0.00007 -0.00159 0.00278 0.99999
1.99547 0.38579 -0.06664 0.00574 -0.00042 -0.00112 0.00252 1.00000
2.09471 0.46675 -0.05995 0.00817 -0.00084 -0.00184 0.00164 1.00000
2.20056 0.56671 -0.05636 0.01011 -0.00066 -0.00192 0.00182 1.00000
2.30036 0.67470 -0.06012 0.01609 -0.00011 -0.00185 0.00142 1.00000
2.40026 0.79863 -0.06564 0.02262 -0.00052 -0.00191 0.00137 1.00000
2.49984 0.92592 -0.06021 0.02411 0.00047 -0.00167 0.00023 1.00000
2.60070 1.06870 -0.05078 0.02702 0.00000 -0.00170 -0.00003 1.00000
2.70051 1.21343 -0.04745 0.02907 -0.00023 -0.00200 -0.00006 1.00000
2.80040 1.35931 -0.04775 0.03332 -0.00036 -0.00155 0.00030 1.00000
2.90021 1.51429 -0.04955 0.02907 0.00008 -0.00208 0.00081 1.00000
2.99940 1.67619 -0.04327 0.03314 -0.00001 -0.00162 0.00041 1.00000
3.09800 1.84023 -0.03580 0.03756 -0.00040 -0.00173 0.00039 1.00000
3.19657 2.00566 -0.02073 0.04438 -0.00000 -0.00111 0.00037 1.00000
3.29577 2.18726 -0.02467 0.05730 -0.00035 -0.00103 0.00131 1.00000
3.39572 2.36817 -0.01455 0.06082 0.00022 -0.00101 0.00078 1.00000
3.50002 2.55602 0.00236 0.06320 -0.00061 -0.00121 0.00098 1.00000
3.60073 2.74606 0.01331 0.07001 0.00055 -0.00129 0.00134 1.00000
3.70055 2.94244 0.01732 0.07848 -0.00034 -0.00147 0.00169 1.00000
3.79960 3.15007 0.01119 0.08305 0.00002 -0.00131 0.00174 1.00000
3.89854 3.36319 0.01106 0.08231 0.00027 -0.00131 0.00191 1.00000
4.00007 3.58209 0.02345 0.08619 0.00045 -0.00089 0.00157 1.00000
4.10071 3.79887 0.03552 0.08951 0.00057 -0.00121 0.00192 1.00000
4.20036 4.03052 0.03854 0.09802 0.00018 -0.00096 0.00168 1.00000
4.29899 4.25562 0.04944 0.10428 0.00044 -0.00132 0.00119 1.00000
4.39841 4.50194 0.04958 0.10939 -0.00021 -0.00143 0.00159 1.00000
4.49598 4.72699 0.05802 0.11657 -0.00036 -0.00139 0.00182 1.00000
4.59631 4.98197 0.06525 0.12703 0.00026 -0.00121 0.00172 1.00000
4.70055 5.24565 0.07841 0.13245 0.00022 -0.00043 0.00116 1.00000
4.80041 5.49219 0.08868 0.14044 0.00057 -0.00116 0.00159 1.00000
4.90025 5.75702 0.10850 0.14477 0.00010 -0.00121 0.00121 1.00000
5.00007 6.02447 0.11606 0.14958 0.00037 -0.00092 0.00071 1.00000
5.09958 6.29477 0.12091 0.15752 0.00024 -0.00118 0.00128 1.00000
5.20046 6.58051 0.12032 0.16363 0.00091 -0.00085 0.00119 1.00000
5.30029 6.86233 0.13348 0.17181 0.00067 -0.00085 0.00095 1.00000
5.40016 7.15582 0.14599 0.17940 0.00101 -0.00068 0.00058 1.00000
5.50006 7.45091 0.16954 0.18970 0.00062 -0.00150 0.00075 1.00000
5.59942 7.76023 0.17341 0.19562 0.00077 -0.00092 0.00075 1.00000
5.69879 8.06626 0.19317 0.20598 -0.00018 -0.00146 -0.00029 1.00000
5.79804 8.37974 0.20471 0.21110 0.00057 -0.00072 0.00005 1.00000
5.89723 8.69548 0.21051 0.21644 -0.00034 -0.00054 -0.00001 1.00000
6.00008 9.03319 0.22745 0.22229 -0.00078 -0.00069 -0.00022 1.00000
6.10011 9.36092 0.23776 0.22456 -0.00111 0.00049 -0.00044 1.00000
6.20051 9.69967 0.24339 0.23604 -0.00116 0.00055 -0.00037 1.00000
6.30037 10.03311 0.26076 0.24855 -0.00098 0.00051 -0.00100 1.00000
6.39977 10.36433 0.26728 0.25648 -0.00130 -0.00069 -0.00045 1.00000
6.49992 10.70779 0.29317 0.26504 -0.00393 0.00104 -0.00185 0.99999
6.60064 11.05553 0.30317 0.27591 -0.00287 -0.00021 -0.00120 1.00000
6.70049 11.41421 0.30581 0.28077 -0.00271 0.00005 -0.00081 1.00000
6.79960 11.76644 0.31650 0.28957 -0.00391 0.00092 -0.00094 0.99999
6.89978 12.13174 0.33556 0.30326 -0.00421 0.00023 -0.00101 0.99999
6.99926 12.49035 0.34267 0.31724 -0.00343 0.00141 -0.00120 0.99999
7.09801 12.84594 0.34527 0.32815 -0.00368 -0.00015 -0.00065 0.99999
7.19419 13.19544 0.35388 0.33351 -0.00295 0.00044 -0.00099 1.00000
7.30032 13.58149 0.36071 0.33691 -0.00185 -0.00118 -0.00069 1.00000
7.39956 13.93095 0.35289 0.33754 -0.00145 -0.00304 -0.00041 0.99999
7.50013 14.30434 0.37690 0.34663 -0.00103 -0.00201 -0.00089 1.00000
7.60037 14.68864 0.38362 0.36185 -0.00122 -0.00189 -0.00087 1.00000
7.69972 15.06640 0.39795 0.37241 -0.00083 -0.00210 -0.00076 1.00000
7.80038 15.44777 0.41011 0.38202 -0.00025 -0.00209 -0.00055 1.00000
7.89987 15.83236 0.42366 0.39136 0.00017 -0.00256 -0.00129 1.00000
7.99986 16.23302 0.44741 0.40345 -0.00001 -0.00177 -0.00080 1.00000
8.09994 16.62588 0.46662 0.41479 -0.00034 -0.00246 -0.00115 1.00000
8.19890 17.01092 0.47943 0.42538 -0.00023 -0.00216 -0.00104 1.00000
8.29950 17.41509 0.48428 0.43724 -0.00054 -0.00281 -0.00095 1.00000
8.39793 17.81299 0.49146 0.44875 -0.00057 -0.00183 -0.00152 1.00000
8.49765 18.23065 0.48663 0.46739 -0.00033 -0.00194 -0.00044 1.00000
8.60057 18.64940 0.49148 0.47330 0.00021 -0.00194 -0.00085 1.00000
8.69917 19.06898 0.51331 0.48669 -0.00016 -0.00216 -0.00189 1.00000
8.80040 19.51013 0.52818 0.49666 -0.00034 -0.00157 -0.00181 1.00000
8.90019 19.93441 0.55329 0.51169 -0.00058 -0.00194 -0.00168 1.00000
8.99967 20.36928 0.57258 0.51963 0.00042 -0.00194 -0.00184 1.00000
9.10070 20.81945 0.58954 0.53269 -0.00050 -0.00194 -0.00181 1.00000
9.20034 21.25209 0.58267 0.54614 -0.00050 -0.00272 -0.00197 0.99999
9.29936 21.69558 0.60681 0.56239 -0.00007 -0.00307 -0.00241 0.99999
9.40004 22.14595 0.63832 0.57062 0.00006 -0.00283 -0.00346 0.99999
9.49928 22.59173 0.65715 0.58446 -0.00018 -0.00252 -0.00322 0.99999
9.59967 23.03328 0.68226 0.59494 -0.00155 -0.00292 -0.00457 0.99998
9.69849 23.47500 0.68181 0.60563 -0.00130 -0.00289 -0.00480 0.99998
9.80038 23.93977 0.68369 0.62441 0.00080 -0.00285 -0.00473 0.99998
9.90018 24.39102 0.69073 0.63965 -0.00126 -0.00286 -0.00571 0.99998
9.99883 24.83040 0.69613 0.65426 -0.00043 -0.00186 -0.00571 0.99998
10.10070 25.29600 0.70076 0.67121 -0.00077 -0.00246 -0.00683 0.99997
10.19975 25.74296 0.71850 0.68090 0.00011 -0.00167 -0.00684 0.99998
10.29989 26.18694 0.72850 0.69397 0.00013 -0.00145 -0.00644 0.99998
10.39870 26.65112 0.73286 0.70871 -0.00085 -0.00148 -0.00635 0.99998
10.49958 27.11252 0.75486 0.71550 0.00010 -0.00160 -0.00653 0.99998
10.60069 27.58638 0.75323 0.73188 0.00016 -0.00116 -0.00641 0.99998
10.69828 28.03172 0.76718 0.74979 0.00050 -0.00144 -0.00691 0.99997
10.80020 28.49009 0.78364 0.76660 -0.00053 -0.00113 -0.00715 0.99997
10.89766 28.94354 0.77852 0.77906 -0.00013 -0.00147 -0.00755 0.99997
10.99843 29.40055 0.76707 0.78932 0.00024 -0.00068 -0.00720 0.99997
11.10035 29.87373 0.77303 0.80134 0.00026 -0.00100 -0.00708 0.99997
11.19987 30.32578 0.77369 0.81251 -0.00055 -0.00109 -0.00753 0.99997
11.29858 30.77758 0.79486 0.82709 -0.00001 -0.00135 -0.00806 0.99997
11.40058 31.24175 0.81972 0.83016 0.00068 -0.00125 -0.00872 0.99996
11.50041 31.69700 0.82118 0.84380 0.00059 -0.00172 -0.00852 0.99996
11.60003 32.14712 0.81919 0.86017 -0.00032 -0.00146 -0.00828 0.99996
11.69947 32.59966 0.81379 0.87745 -0.00115 -0.00166 -0.00756 0.99997
11.79991 33.05602 0.83165 0.88610 0.00045 -0.00180 -0.00810 0.99997
11.89908 33.50379 0.83563 0.89990 -0.00038 -0.00222 -0.00793 0.99997
12.00052 33.96884 0.84629 0.91546 -0.00083 -0.00232 -0.00830 0.99996
12.10022 34.42499 0.87399 0.93215 -0.00054 -0.00162 -0.00884 0.99996
12.19875 34.88115 0.87291 0.93946 -0.00061 -0.00152 -0.00910 0.99996
12.29828 35.33755 0.87440 0.95121 -0.00073 -0.00226 -0.00928 0.99995
12.40066 35.80653 0.87633 0.96295 -0.00002 -0.00090 -0.00909 0.99996
12.49962 36.26297 0.86324 0.97855 0.00024 -0.00097 -0.00843 0.99996
12.59838 36.72341 0.86108 0.99055 0.00034 -0.00193 -0.00837 0.99996
12.70022 37.18893 0.86802 1.00397 -0.00023 -0.00133 -0.00842 0.99996
12.79915 37.64558 0.87150 1.01883 -0.00029 -0.00170 -0.00875 0.99996
12.90026 38.11990 0.89329 1.03060 0.00003 -0.00130 -0.00894 0.99996
13.00039 38.57049 0.88267 1.04368 -0.00011 -0.00154 -0.00847 0.99996
13.09939 39.02517 0.89864 1.05712 0.00004 -0.00113 -0.00862 0.99996
13.19915 39.48846 0.94105 1.06708 0.00004 -0.00184 -0.00966 0.99995
13.29964 39.95421 0.96121 1.08262 -0.00024 -0.00137 -0.00879 0.99996
13.39829 40.41740 0.95622 1.10495 0.00013 -0.00148 -0.00866 0.99996
13.49983 40.89714 0.96584 1.11591 -0.00033 -0.00129 -0.00871 0.99996
13.59872 41.36232 0.96918 1.12897 -0.00053 -0.00245 -0.00847 0.99996
13.70020 41.83949 0.96127 1.14084 0.00069 -0.00226 -0.00861 0.99996
13.79945 42.30240 0.96576 1.15434 0.00024 -0.00253 -0.00863 0.99996
13.90073 42.77374 0.97024 1.16657 0.00052 -0.00288 -0.00892 0.99996
14.00019 43.24617 0.97787 1.18243 -0.00054 -0.00301 -0.00876 0.99996
14.09991 43.72995 0.99316 1.19821 0.00075 -0.00178 -0.00831 0.99996
14.19738 44.19935 1.01304 1.21280 0.00038 -0.00164 -0.00839 0.99996
14.29609 44.66136 1.02646 1.22622 0.00065 -0.00180 -0.00858 0.99996
14.39961 45.15506 1.02892 1.24384 -0.00032 -0.00132 -0.00846 0.99996
14.49967 45.62656 1.02601 1.25243 0.00021 -0.00172 -0.00834 0.99996
14.60025 46.08947 1.04291 1.26770 -0.00014 -0.00221 -0.00881 0.99996
14.70008 46.57298 1.04902 1.28849 0.00011 -0.00202 -0.00844 0.99996
14.79942 47.04545 1.06644 1.30397 -0.00046 -0.00274 -0.00926 0.99995
14.90068 47.51252 1.08197 1.31175 0.00062 -0.00318 -0.00970 0.99995
15.00052 47.98738 1.08671 1.32697 0.00029 -0.00312 -0.00974 0.99995
15.09936 48.45836 1.08468 1.33944 0.00067 -0.00346 -0.00952 0.99995
15.20021 48.94077 1.05348 1.35663 0.00009 -0.00205 -0.00882 0.99996
15.29995 49.42270 1.06455 1.36764 0.00145 -0.00119 -0.00950 0.99995
15.39967 49.88761 1.05309 1.38335 0.00070 -0.00036 -0.00961 0.99995
15.49767 50.35806 1.05214 1.39354 0.00122 -0.00107 -0.01042 0.99994
15.60006 50.86346 1.07003 1.40871 0.00108 0.00010 -0.01104 0.99994
15.70007 51.34651 1.06715 1.41797 0.00194 -0.00101 -0.00909 0.99996
15.79929 51.80927 1.07966 1.43007 0.00079 -0.00172 -0.01018 0.99995
15.90071 52.28941 1.08585 1.44266 0.00103 -0.00142 -0.01057 0.99994
16.00035 52.76373 1.08273 1.45443 0.00147 -0.00154 -0.01050 0.99994
16.10026 53.24396 1.07527 1.46542 0.00141 -0.00169 -0.01126 0.99993
16.20023 53.72219 1.07534 1.47628 0.00133 -0.00113 -0.01144 0.99993
16.29999 54.20523 1.09209 1.49150 0.00163 -0.00098 -0.01226 0.99992
16.39930 54.67796 1.09966 1.50578 0.00167 0.00021 -0.01203 0.99993
16.50053 55.17119 1.10166 1.52687 0.00165 -0.00035 -0.01285 0.99992
16.59996 55.65299 1.10175 1.54441 0.00133 -0.00100 -0.01268 0.99992
16.69877 56.13882 1.11210 1.55589 0.00111 -0.00071 -0.01298 0.99991
16.79694 56.61373 1.12074 1.56831 0.00220 -0.00210 -0.01229 0.99992
16.90019 57.10184 1.14051 1.57339 0.00144 -0.00210 -0.01350 0.99991
16.99423 57.55430 1.14288 1.58863 0.00181 -0.00105 -0.01308 0.99991
17.10036 58.05101 1.16084 1.60771 0.00031 -0.00086 -0.01306 0.99991
17.19990 58.51834 1.16309 1.62033 0.00188 0.00023 -0.01415 0.99990
17.29922 58.97214 1.16463 1.62976 0.00177 0.00033 -0.01441 0.99989
17.39956 59.42689 1.16277 1.64225 0.00194 -0.00007 -0.01511 0.99988
17.50050 59.89475 1.14835 1.65591 0.00230 0.00024 -0.01495 0.99989
17.60037 60.34202 1.14757 1.68161 0.00136 0.00039 -0.01508 0.99989
17.69938 60.77874 1.14840 1.69204 0.00193 -0.00078 -0.01491 0.99989
17.80002 61.22318 1.13782 1.70270 0.00206 0.00072 -0.01436 0.99989
17.89931 61.66829 1.11409 1.71442 0.00241 0.00025 -0.01488 0.99989
17.99788 62.10605 1.13419 1.72502 0.00226 0.00011 -0.01481 0.99989
18.09675 62.53394 1.13579 1.73779 0.00208 -0.00041 -0.01397 0.99990
18.19953 62.96202 1.15273 1.74996 0.00174 0.00073 -0.01514 0.99988
18.29979 63.39138 1.17795 1.77381 0.00150 0.00030 -0.01569 0.99988
18.40071 63.80734 1.15774 1.78736 0.00194 0.00049 -0.01489 0.99989
18.50007 64.22645 1.15849 1.79729 0.00197 -0.00032 -0.01510 0.99988
18.60039 64.64487 1.14383 1.80668 0.00121 -0.00006 -0.01484 0.99989
18.70015 65.04878 1.14906 1.81537 0.00094 -0.00054 -0.01580 0.99987
18.80007 65.44554 1.14166 1.82612 0.00115 -0.00122 -0.01519 0.99988
18.90045 65.83759 1.15884 1.84276 0.00093 -0.00063 -0.01529 0.99988
19.00050 66.23228 1.15004 1.85358 0.00186 -0.00026 -0.01541 0.99988
19.10032 66.61701 1.15019 1.87062 0.00080 -0.00159 -0.01492 0.99989
19.19952 66.99942 1.12532 1.88264 0.00121 -0.00011 -0.01462 0.99989
19.29798 67.37159 1.11833 1.88632 0.00122 -0.00099 -0.01445 0.99989
19.39665 67.75511 1.11830 1.89577 0.00054 -0.00164 -0.01463 0.99989
19.49528 68.13392 1.12497 1.90900 0.00174 -0.00025 -0.01428 0.99990
19.60038 68.52867 1.14718 1.91698 0.00060 -0.00066 -0.01494 0.99989
19.70020 68.88905 1.14280 1.93663 0.00194 -0.00598 -0.01328 0.99989
19.80012 69.25975 1.12475 1.94812 0.00129 -0.00163 -0.01331 0.99991
19.89937 69.60649 1.13320 1.95180 0.00161 0.00040 -0.01381 0.99990
19.99996 69.95828 1.14969 1.95888 0.00161 0.00090 -0.01315 0.99991
20.10033 70.30873 1.18966 1.96953 0.00171 -0.00051 -0.01304 0.99991
20.20020 70.66266 1.17915 1.98165 0.00104 0.00049 -0.01244 0.99992
20.30003 71.01953 1.19434 2.00035 0.00159 0.00661 -0.01225 0.99990
20.40000 71.34667 1.17809 2.00903 0.00112 0.00200 -0.01197 0.99993
20.49865 71.64813 1.17830 2.00660 0.00144 -0.00121 -0.01225 0.99992
20.59731 71.96883 1.18003 2.01137 0.00071 -0.00278 -0.01162 0.99993
20.69587 72.28718 1.18540 2.02853 0.00098 -0.00142 -0.01032 0.99995
20.79540 72.60828 1.20111 2.04058 0.00107 -0.00066 -0.01004 0.99995
20.90073 72.94922 1.21527 2.05359 0.00115 -0.00024 -0.00938 0.99996
21.00048 73.26094 1.21522 2.06054 0.00085 -0.00153 -0.00860 0.99996
21.10038 73.56280 1.23457 2.07349 0.00070 -0.00166 -0.00812 0.99997
21.19949 73.87375 1.26479 2.08545 0.00107 -0.00196 -0.00640 0.99998
21.29984 74.20652 1.28852 2.09811 0.00097 -0.00186 -0.00441 0.99999
21.40070 74.54144 1.30343 2.10683 0.00083 -0.00216 -0.00182 1.00000
21.50039 74.84852 1.30731 2.11641 0.00063 -0.00251 -0.00040 1.00000
21.60034 75.17031 1.33071 2.12174 0.00094 -0.00286 0.00063 1.00000
21.70007 75.50433 1.31273 2.13931 0.00072 -0.00284 0.00388 0.99999
21.79832 75.83216 1.33018 2.15208 0.00089 -0.00270 0.00655 0.99997
21.89683 76.15129 1.37648 2.16325 0.00089 -0.00279 0.00868 0.99996
21.99598 76.47774 1.41924 2.17500 0.00107 -0.00349 0.01205 0.99992
22.09534 76.81706 1.43173 2.18520 0.00071 -0.00326 0.01572 0.99987
22.20017 77.16542 1.44428 2.19591 0.00071 -0.00348 0.01834 0.99983
22.30037 77.49767 1.46374 2.20465 0.00107 -0.00282 0.02151 0.99976
22.40020 77.83079 1.48417 2.21650 0.00091 -0.00363 0.02374 0.99971
22.49996 78.15924 1.50350 2.23267 0.00092 -0.00417 0.02656 0.99964
22.60019 78.47432 1.56139 2.24326 0.00089 -0.00436 0.02839 0.99959
22.70054 78.80503 1.57648 2.26442 0.00055 -0.00434 0.03116 0.99950
22.80042 79.14571 1.64161 2.27516 0.00046 -0.00626 0.03294 0.99944
22.90024 79.49183 1.66145 2.29004 -0.00035 -0.00614 0.03481 0.99937
23.00003 79.86093 1.69207 2.29979 -0.00024 -0.00641 0.03636 0.99932
23.09861 80.22895 1.72908 2.31507 -0.00128 -0.00523 0.03780 0.99927
23.19768 80.58444 1.78321 2.33317 -0.00141 -0.00532 0.03860 0.99924
23.29644 80.94177 1.79764 2.34383 -0.00170 -0.00610 0.04111 0.99913
23.40064 81.32984 1.83763 2.35722 -0.00246 -0.00477 0.04099 0.99915
23.50049 81.72235 1.81151 2.36300 -0.00175 -0.00597 0.04224 0.99909
23.60040 82.11005 1.86909 2.37093 -0.00183 -0.00713 0.04137 0.99912
23.70019 82.50827 1.91580 2.38201 -0.00143 -0.00777 0.04167 0.99910
23.79959 82.91185 1.95387 2.39770 -0.00161 -0.00829 0.04173 0.99909
23.90016 83.33968 1.97298 2.41349 -0.00167 -0.00897 0.04257 0.99905
24.00055 83.76105 2.00753 2.42787 -0.00100 -0.00870 0.04215 0.99907
24.10040 84.16787 2.05286 2.44429 -0.00160 -0.00915 0.04188 0.99908
24.20022 84.60250 2.12346 2.46334 -0.00034 -0.00886 0.04139 0.99910
24.29996 85.03281 2.18404 2.48237 -0.00147 -0.00825 0.04168 0.99910
24.39738 85.44584 2.23507 2.50085 -0.00109 -0.00761 0.04171 0.99910
24.49753 85.88276 2.31108 2.51825 -0.00121 -0.00741 0.04051 0.99915
24.59617 86.34138 2.37271 2.53394 -0.00113 -0.00720 0.04014 0.99917
24.70024 86.80124 2.41765 2.55007 -0.00059 -0.00725 0.04077 0.99914
24.80009 87.23509 2.47723 2.56432 -0.00017 -0.00786 0.04059 0.99914
24.90072 87.68123 2.53806 2.58567 -0.00176 -0.00730 0.04012 0.99917
25.00052 88.11930 2.62545 2.60694 -0.00196 -0.00759 0.04057 0.99915
25.10022 88.57294 2.67683 2.62933 -0.00211 -0.00666 0.04092 0.99914
25.19878 89.01935 2.72981 2.64730 -0.00148 -0.00644 0.04028 0.99917
25.29927 89.46478 2.79226 2.65976 -0.00159 -0.00572 0.03987 0.99919
25.40072 89.92171 2.81747 2.67534 -0.00228 -0.00528 0.04110 0.99914
25.49996 90.35830 2.87280 2.69488 -0.00351 -0.00565 0.04109 0.99913
25.59974 90.80666 2.90944 2.70641 -0.00208 -0.00581 0.04294 0.99906
25.69867 91.26005 2.96289 2.72452 -0.00213 -0.00566 0.04352 0.99903
25.79731 91.72371 3.01280 2.74100 -0.00268 -0.00583 0.04517 0.99896
25.89479 92.16800 3.04889 2.75518 -0.00353 -0.00636 0.04869 0.99879
26.00016 92.65143 3.10161 2.77626 -0.00355 -0.00656 0.05286 0.99857
26.09988 93.11022 3.13878 2.79566 -0.00356 -0.00656 0.05711 0.99834
26.20025 93.56050 3.23334 2.81071 -0.00298 -0.00676 0.06107 0.99811
26.30010 94.01114 3.33048 2.82997 -0.00527 -0.00727 0.06631 0.99776
26.40004 94.47329 3.42218 2.84888 -0.00492 -0.00671 0.07205 0.99737
26.50051 94.94254 3.52287 2.86846 -0.00591 -0.00693 0.07793 0.99692
26.60023 95.38994 3.62389 2.88729 -0.00555 -0.00732 0.08501 0.99634
26.70018 95.83577 3.75000 2.90566 -0.00686 -0.00723 0.09184 0.99572
26.79922 96.27659 3.86584 2.92209 -0.00707 -0.00803 0.09898 0.99503
26.89970 96.71540 3.98939 2.94029 -0.00849 -0.00874 0.10673 0.99421
26.99845 97.15858 4.13026 2.95498 -0.00896 -0.00916 0.11438 0.99335
27.09759 97.59951 4.26563 2.97356 -0.01038 -0.00889 0.12234 0.99239
27.20013 98.06045 4.40473 2.99520 -0.01060 -0.00842 0.13015 0.99140
27.30008 98.49558 4.57156 3.01525 -0.01260 -0.00815 0.13768 0.99036
27.39943 98.94065 4.73021 3.03375 -0.01295 -0.00829 0.14445 0.98939
27.50057 99.37787 4.89677 3.05015 -0.01397 -0.00852 0.15146 0.98833
27.60032 99.81680 5.05638 3.06540 -0.01389 -0.00857 0.15770 0.98735
27.69972 100.25252 5.23360 3.08439 -0.01374 -0.00885 0.16407 0.98631
27.79903 100.68143 5.42948 3.10563 -0.01458 -0.00810 0.16985 0.98533
27.90070 101.12466 5.60982 3.12284 -0.01468 -0.00819 0.17730 0.98401
28.00056 101.56886 5.76464 3.13527 -0.01560 -0.00741 0.18405 0.98277
28.10014 102.02324 5.93384 3.15098 -0.01567 -0.00803 0.19141 0.98135
28.19894 102.44518 6.14622 3.16821 -0.01595 -0.00785 0.19905 0.97983
28.29824 102.85771 6.34583 3.18645 -0.01622 -0.00779 0.20724 0.97813
28.39712 103.26477 6.58984 3.20476 -0.01639 -0.00819 0.21484 0.97648
28.50054 103.71365 6.81442 3.22391 -0.01715 -0.00838 0.22307 0.97462
28.60037 104.11386 7.10030 3.23601 -0.01772 -0.00933 0.23070 0.97282
28.69909 104.53137 7.30800 3.25292 -0.01749 -0.00838 0.23929 0.97075
28.80004 104.93840 7.56982 3.26978 -0.01724 -0.00826 0.24712 0.96880
28.90017 105.34825 7.81631 3.28752 -0.01846 -0.00784 0.25534 0.96664
28.99989 105.73155 8.14392 3.30173 -0.01863 -0.00877 0.26293 0.96460
29.09758 106.12119 8.39196 3.31217 -0.01866 -0.00772 0.27146 0.96224
29.19720 106.51118 8.67927 3.32460 -0.01846 -0.00849 0.28025 0.95971
29.29908 106.89438 8.98166 3.33896 -0.01878 -0.00848 0.28918 0.95705
29.39997 107.27879 9.28132 3.35516 -0.01960 -0.00970 0.29884 0.95405
29.49817 107.65316 9.57777 3.36841 -0.01895 -0.00979 0.30866 0.95093
29.59823 108.04063 9.88293 3.38273 -0.01870 -0.00984 0.31829 0.94776
29.69734 108.40425 10.20416 3.40085 -0.02192 -0.00986 0.32693 0.94474
29.80038 108.78022 10.53510 3.42001 -0.02024 -0.01097 0.33607 0.94156
29.90011 109.13649 10.87682 3.43768 -0.02124 -0.01046 0.34432 0.93855
29.99877 109.48581 11.21769 3.44839 -0.01859 -0.00962 0.35188 0.93581
30.10072 109.83127 11.56704 3.46157 -0.01807 -0.01063 0.35969 0.93284
30.20043 110.16868 11.93055 3.48014 -0.01812 -0.01146 0.36799 0.92958
30.29997 110.47332 12.30351 3.49545 -0.01922 -0.01137 0.37427 0.92705
30.39857 110.80628 12.63886 3.51146 -0.01743 -0.01141 0.38142 0.92417
30.49953 111.13911 13.00563 3.52451 -0.01670 -0.01230 0.38847 0.92123
30.60002 111.46137 13.37197 3.54213 -0.01729 -0.01149 0.39480 0.91853
30.70017 111.80304 13.72241 3.56021 -0.01854 -0.01249 0.40205 0.91534
30.79946 112.11465 14.10246 3.57082 -0.01818 -0.01311 0.40761 0.91288
30.89838 112.40432 14.47821 3.58999 -0.01859 -0.01250 0.41280 0.91055
31.00052 112.70588 14.87589 3.60646 -0.01879 -0.01239 0.41770 0.90831
31.10041 112.99584 15.26712 3.62151 -0.01852 -0.01297 0.42233 0.90616
31.19985 113.27947 15.65421 3.63503 -0.01938 -0.01207 0.42719 0.90388
31.29855 113.57207 16.02382 3.64773 -0.01968 -0.01277 0.43233 0.90141
31.40078 113.85797 16.41703 3.66800 -0.01952 -0.01271 0.43715 0.89909
31.50054 114.12531 16.78961 3.68449 -0.01980 -0.01251 0.44226 0.89658
31.59986 114.39659 17.16695 3.69681 -0.01870 -0.01283 0.44718 0.89416
31.69984 114.64545 17.55099 3.71319 -0.01845 -0.01283 0.45234 0.89156
31.79923 114.89693 17.93918 3.73079 -0.01932 -0.01167 0.45742 0.88897
31.89939 115.13531 18.32358 3.74378 -0.01920 -0.01233 0.46281 0.88616
31.99964 115.36904 18.69799 3.75404 -0.01935 -0.01174 0.46821 0.88333
32.09925 115.59696 19.07820 3.76881 -0.01973 -0.01185 0.47375 0.88036
32.19756 115.82094 19.43356 3.78684 -0.01994 -0.01214 0.47910 0.87745
32.29676 116.02154 19.81156 3.80060 -0.02111 -0.01434 0.48391 0.87474
32.40068 116.22116 20.20606 3.80754 -0.01951 -0.01455 0.48928 0.87179
32.49963 116.39886 20.59159 3.82087 -0.02139 -0.01506 0.49334 0.86944
32.59843 116.57620 20.96498 3.83296 -0.02142 -0.01484 0.49850 0.86650
32.70026 116.79182 21.31737 3.84670 -0.02214 -0.01467 0.50387 0.86337
32.79972 116.96886 21.69030 3.85439 -0.02417 -0.01386 0.50874 0.86047
32.90062 117.14102 22.04533 3.86952 -0.02403 -0.01400 0.51314 0.85785
32.99883 117.29300 22.39830 3.88126 -0.02613 -0.01471 0.51737 0.85524
33.10024 117.43312 22.77103 3.89137 -0.02537 -0.01438 0.52105 0.85303
33.19795 117.59866 23.11742 3.90521 -0.02520 -0.01389 0.52610 0.84994
33.29981 117.75691 23.47412 3.91121 -0.02398 -0.01296 0.53068 0.84713
33.39835 117.92145 23.81232 3.91764 -0.02393 -0.01180 0.53453 0.84473
33.49845 118.08197 24.15341 3.92772 -0.02424 -0.01122 0.53947 0.84158
33.59981 118.23369 24.50921 3.93623 -0.02478 -0.00976 0.54363 0.83890
33.70020 118.35986 24.87686 3.94263 -0.02428 -0.00943 0.54753 0.83638
33.79947 118.49962 25.20216 3.94498 -0.02273 -0.00781 0.55138 0.83391
33.90073 118.61734 25.54376 3.94993 -0.02261 -0.00843 0.55543 0.83121
34.00030 118.72761 25.87122 3.95287 -0.02149 -0.00830 0.55941 0.82857
34.10029 118.82764 26.20119 3.95649 -0.02186 -0.00844 0.56283 0.82624
34.20020 118.93019 26.53419 3.96384 -0.02198 -0.00920 0.56705 0.82334
34.29758 119.02619 26.85739 3.96896 -0.02286 -0.01020 0.57070 0.82078
34.40052 119.12675 27.19596 3.97428 -0.02288 -0.01030 0.57428 0.81827
34.50046 119.21584 27.52623 3.97965 -0.02300 -0.01059 0.57782 0.81577
34.60009 119.31941 27.85545 3.98568 -0.02343 -0.00971 0.58171 0.81300
34.69966 119.40315 28.18008 3.99090 -0.02421 -0.01055 0.58533 0.81037
34.79887 119.48712 28.50399 3.99186 -0.02381 -0.01056 0.58863 0.80798
34.90067 119.57428 28.82168 4.00001 -0.02611 -0.01136 0.59255 0.80503
35.00053 119.65920 29.12306 4.00449 -0.02538 -0.01225 0.59607 0.80244
35.09937 119.72036 29.42999 4.00990 -0.02605 -0.01215 0.59943 0.79991
35.20016 119.79378 29.73402 4.01863 -0.02560 -0.01191 0.60290 0.79732
35.29986 119.84918 30.04335 4.02013 -0.02629 -0.01323 0.60640 0.79461
35.40014 119.91343 30.35198 4.02714 -0.02723 -0.01259 0.60932 0.79236
35.49874 119.97902 30.65326 4.03032 -0.02638 -0.01216 0.61282 0.78969
35.60036 120.04304 30.94738 4.03844 -0.02766 -0.01189 0.61611 0.78709
35.70016 120.09387 31.23871 4.04203 -0.02775 -0.01124 0.61918 0.78468
35.80000 120.14496 31.53997 4.05037 -0.02896 -0.01050 0.62227 0.78220
35.90069 120.19559 31.83394 4.04153 -0.02802 -0.01109 0.62540 0.77972
36.00000 120.24168 32.11864 4.04428 -0.02907 -0.01048 0.62812 0.77751
36.10024 120.28422 32.41630 4.04404 -0.02821 -0.01124 0.63138 0.77488
36.20018 120.33053 32.70011 4.04504 -0.02769 -0.01168 0.63418 0.77260
36.29999 120.38474 32.98841 4.04655 -0.02708 -0.01159 0.63754 0.76986
36.39935 120.41467 33.25531 4.05238 -0.02621 -0.01130 0.64055 0.76738
36.50050 120.44353 33.54271 4.05353 -0.02573 -0.01173 0.64362 0.76482
36.60004 120.47737 33.82444 4.05633 -0.02492 -0.01152 0.64682 0.76215
36.69816 120.49228 34.09636 4.06055 -0.02489 -0.01192 0.64957 0.75980
36.79751 120.52015 34.35312 4.05724 -0.02507 -0.01280 0.65274 0.75706
36.90063 120.54467 34.63581 4.06097 -0.02516 -0.01286 0.65618 0.75408
36.99954 120.56946 34.90594 4.06303 -0.02676 -0.01313 0.65905 0.75151
37.10033 120.59075 35.18639 4.06055 -0.02570 -0.01158 0.66180 0.74915
37.20010 120.61570 35.45216 4.06429 -0.02513 -0.01260 0.66469 0.74659
37.29888 120.63344 35.71197 4.07032 -0.02462 -0.01234 0.66730 0.74428
37.40029 120.63653 35.96974 4.07848 -0.02436 -0.01335 0.67003 0.74182
37.50050 120.64543 36.22907 4.08795 -0.02590 -0.01381 0.67234 0.73966
37.60034 120.65152 36.48172 4.09122 -0.02581 -0.01348 0.67472 0.73750
37.69950 120.65563 36.73997 4.09457 -0.02633 -0.01362 0.67694 0.73544
37.80004 120.65104 36.98180 4.09974 -0.02522 -0.01421 0.67891 0.73365
37.89987 120.65261 37.22827 4.09879 -0.02464 -0.01618 0.68163 0.73110
37.99827 120.64969 37.48646 4.09953 -0.02525 -0.01534 0.68294 0.72988
38.10026 120.65656 37.74472 4.10540 -0.02523 -0.01513 0.68479 0.72814
38.20019 120.66617 38.01737 4.10766 -0.02569 -0.01578 0.68611 0.72687
38.30006 120.67347 38.28117 4.11065 -0.02592 -0.01656 0.68737 0.72565
38.40062 120.67826 38.55406 4.11363 -0.02602 -0.01796 0.68860 0.72445
38.50029 120.67509 38.83352 4.11633 -0.02594 -0.01674 0.68995 0.72320
38.60003 120.68716 39.10939 4.11893 -0.02545 -0.01718 0.69087 0.72233
38.70001 120.69097 39.39292 4.12283 -0.02543 -0.01669 0.69159 0.72165
38.80003 120.69431 39.67742 4.12566 -0.02607 -0.01718 0.69225 0.72098
38.90038 120.68576 39.96987 4.12488 -0.02650 -0.01725 0.69216 0.72105
39.00011 120.68594 40.24917 4.13023 -0.02648 -0.01645 0.69214 0.72109
39.10036 120.68939 40.55558 4.13342 -0.02728 -0.01648 0.69230 0.72091
39.19931 120.69016 40.84519 4.13312 -0.02669 -0.01594 0.69222 0.72102
39.29762 120.69759 41.15337 4.13591 -0.02702 -0.01668 0.69250 0.72072
39.39609 120.69530 41.45227 4.14466 -0.02756 -0.01560 0.69232 0.72090
39.50039 120.70830 41.78646 4.14342 -0.02755 -0.01548 0.69258 0.72065
39.60033 120.70981 42.10292 4.14423 -0.02783 -0.01537 0.69269 0.72054
39.70009 120.70334 42.41639 4.14814 -0.02857 -0.01512 0.69296 0.72026
39.79985 120.70024 42.73264 4.14934 -0.02852 -0.01479 0.69311 0.72012
39.90059 120.70181 43.05102 4.15118 -0.02806 -0.01412 0.69306 0.72019
40.00039 120.70609 43.37463 4.15284 -0.02745 -0.01381 0.69312 0.72017
40.10022 120.70041 43.70125 4.15758 -0.02709 -0.01410 0.69341 0.71990
40.20011 120.70862 44.03899 4.15742 -0.02713 -0.01376 0.69341 0.71990
40.30038 120.71114 44.35879 4.15661 -0.02688 -0.01349 0.69341 0.71992
40.40024 120.71143 44.69487 4.15719 -0.02625 -0.01392 0.69373 0.71963
40.49856 120.71420 45.02787 4.16225 -0.02628 -0.01376 0.69398 0.71938
40.59727 120.71443 45.37493 4.16250 -0.02668 -0.01344 0.69379 0.71956
40.69630 120.71369 45.70524 4.16529 -0.02656 -0.01355 0.69381 0.71954
40.80037 120.72142 46.07785 4.16817 -0.02563 -0.01311 0.69433 0.71908
40.90023 120.71826 46.43179 4.16339 -0.02521 -0.01286 0.69437 0.71906
41.00002 120.71734 46.78345 4.16502 -0.02510 -0.01198 0.69432 0.71913
41.10027 120.72830 47.14530 4.16576 -0.02583 -0.01158 0.69438 0.71905
41.20002 120.72513 47.49647 4.16546 -0.02550 -0.01127 0.69454 0.71892
41.30029 120.72544 47.85621 4.16949 -0.02649 -0.01055 0.69439 0.71903
41.40018 120.72198 48.20725 4.17435 -0.02578 -0.00985 0.69456 0.71890
41.50007 120.71970 48.55918 4.17671 -0.02494 -0.00950 0.69478 0.71872
41.60070 120.72373 48.93263 4.17466 -0.02502 -0.00941 0.69491 0.71860
41.69960 120.71658 49.28607 4.17529 -0.02504 -0.00984 0.69476 0.71873
41.79837 120.72342 49.64266 4.17564 -0.02429 -0.01036 0.69504 0.71849
41.89691 120.72237 49.98373 4.17611 -0.02360 -0.01002 0.69506 0.71850
